Chr1	0	200000	0.376795
Chr1	200000	400000	0.394600
Chr1	400000	600000	0.388990
Chr1	600000	800000	0.396740
Chr1	800000	1000000	0.385620
Chr1	1000000	1200000	0.375515
Chr1	1200000	1400000	0.378430
Chr1	1400000	1600000	0.371290
Chr1	1600000	1800000	0.393280
Chr1	1800000	2000000	0.388015
Chr1	2000000	2200000	0.376280
Chr1	2200000	2400000	0.374570
Chr1	2400000	2600000	0.384375
Chr1	2600000	2800000	0.381730
Chr1	2800000	3000000	0.382260
Chr1	3000000	3200000	0.373160
Chr1	3200000	3400000	0.365725
Chr1	3400000	3600000	0.375235
Chr1	3600000	3800000	0.370410
Chr1	3800000	4000000	0.387055
Chr1	4000000	4200000	0.365025
Chr1	4200000	4400000	0.376705
Chr1	4400000	4600000	0.376795
Chr1	4600000	4800000	0.379225
Chr1	4800000	5000000	0.400600
Chr1	5000000	5200000	0.382235
Chr1	5200000	5400000	0.376210
Chr1	5400000	5600000	0.381590
Chr1	5600000	5800000	0.376545
Chr1	5800000	6000000	0.382890
Chr1	6000000	6200000	0.389295
Chr1	6200000	6400000	0.389010
Chr1	6400000	6600000	0.385360
Chr1	6600000	6800000	0.392195
Chr1	6800000	7000000	0.391035
Chr1	7000000	7200000	0.396840
Chr1	7200000	7400000	0.378345
Chr1	7400000	7600000	0.380330
Chr1	7600000	7800000	0.404665
Chr1	7800000	8000000	0.390090
Chr1	8000000	8200000	0.377950
Chr1	8200000	8400000	0.369360
Chr1	8400000	8600000	0.380090
Chr1	8600000	8800000	0.390735
Chr1	8800000	9000000	0.390115
Chr1	9000000	9200000	0.379200
Chr1	9200000	9400000	0.381755
Chr1	9400000	9600000	0.396160
Chr1	9600000	9800000	0.376375
Chr1	9800000	10000000	0.378915
Chr1	10000000	10200000	0.388995
Chr1	10200000	10400000	0.387375
Chr1	10400000	10600000	0.388995
Chr1	10600000	10800000	0.372095
Chr1	10800000	11000000	0.383710
Chr1	11000000	11200000	0.374965
Chr1	11200000	11400000	0.376220
Chr1	11400000	11600000	0.397380
Chr1	11600000	11800000	0.378020
Chr1	11800000	12000000	0.375155
Chr1	12000000	12200000	0.382535
Chr1	12200000	12400000	0.380275
Chr1	12400000	12600000	0.380265
Chr1	12600000	12800000	0.377450
Chr1	12800000	13000000	0.372525
Chr1	13000000	13200000	0.385925
Chr1	13200000	13400000	0.375975
Chr1	13400000	13600000	0.362435
Chr1	13600000	13800000	0.373515
Chr1	13800000	14000000	0.378785
Chr1	14000000	14200000	0.381470
Chr1	14200000	14400000	0.385600
Chr1	14400000	14600000	0.372005
Chr1	14600000	14800000	0.369740
Chr1	14800000	15000000	0.385765
Chr1	15000000	15200000	0.372630
Chr1	15200000	15400000	0.371580
Chr1	15400000	15600000	0.368535
Chr1	15600000	15800000	0.376725
Chr1	15800000	16000000	0.372720
Chr1	16000000	16200000	0.374095
Chr1	16200000	16400000	0.376060
Chr1	16400000	16600000	0.373235
Chr1	16600000	16800000	0.384260
Chr1	16800000	17000000	0.383855
Chr1	17000000	17200000	0.380715
Chr1	17200000	17400000	0.370200
Chr1	17400000	17600000	0.382690
Chr1	17600000	17800000	0.367435
Chr1	17800000	18000000	0.369260
Chr1	18000000	18200000	0.370210
Chr1	18200000	18400000	0.381210
Chr1	18400000	18600000	0.373815
Chr1	18600000	18800000	0.381280
Chr1	18800000	19000000	0.373440
Chr1	19000000	19200000	0.382675
Chr1	19200000	19400000	0.378825
Chr1	19400000	19600000	0.402900
Chr1	19600000	19800000	0.384590
Chr1	19800000	20000000	0.380600
Chr1	20000000	20200000	0.387065
Chr1	20200000	20400000	0.388720
Chr1	20400000	20600000	0.378020
Chr1	20600000	20800000	0.382290
Chr1	20800000	21000000	0.388395
Chr1	21000000	21200000	0.377580
Chr1	21200000	21400000	0.378480
Chr1	21400000	21600000	0.384325
Chr1	21600000	21800000	0.367035
Chr1	21800000	22000000	0.380270
Chr1	22000000	22200000	0.373070
Chr1	22200000	22400000	0.376285
Chr1	22400000	22600000	0.388985
Chr1	22600000	22800000	0.369915
Chr1	22800000	23000000	0.392940
Chr1	23000000	23200000	0.379925
Chr1	23200000	23400000	0.378820
Chr1	23400000	23600000	0.390120
Chr1	23600000	23800000	0.374990
Chr1	23800000	24000000	0.370105
Chr1	24000000	24200000	0.371995
Chr1	24200000	24400000	0.371565
Chr1	24400000	24600000	0.370825
Chr1	24600000	24800000	0.381310
Chr1	24800000	25000000	0.378550
Chr1	25000000	25200000	0.389935
Chr1	25200000	25400000	0.396550
Chr1	25400000	25600000	0.384405
Chr1	25600000	25800000	0.395545
Chr1	25800000	26000000	0.376355
Chr1	26000000	26200000	0.381225
Chr1	26200000	26400000	0.368175
Chr1	26400000	26600000	0.390755
Chr1	26600000	26800000	0.384025
Chr1	26800000	27000000	0.380025
Chr1	27000000	27200000	0.392080
Chr1	27200000	27400000	0.387715
Chr1	27400000	27519054	0.377913
Chr2	0	200000	0.388155
Chr2	200000	400000	0.376345
Chr2	400000	600000	0.384455
Chr2	600000	800000	0.389420
Chr2	800000	1000000	0.388870
Chr2	1000000	1200000	0.376650
Chr2	1200000	1400000	0.384280
Chr2	1400000	1600000	0.379575
Chr2	1600000	1800000	0.382255
Chr2	1800000	2000000	0.364495
Chr2	2000000	2200000	0.381220
Chr2	2200000	2400000	0.372210
Chr2	2400000	2600000	0.369125
Chr2	2600000	2800000	0.370800
Chr2	2800000	3000000	0.366040
Chr2	3000000	3200000	0.378225
Chr2	3200000	3400000	0.382740
Chr2	3400000	3600000	0.384235
Chr2	3600000	3800000	0.371525
Chr2	3800000	4000000	0.365955
Chr2	4000000	4200000	0.378850
Chr2	4200000	4400000	0.391800
Chr2	4400000	4600000	0.370780
Chr2	4600000	4800000	0.378790
Chr2	4800000	5000000	0.376850
Chr2	5000000	5200000	0.363610
Chr2	5200000	5400000	0.366295
Chr2	5400000	5600000	0.389595
Chr2	5600000	5800000	0.377115
Chr2	5800000	6000000	0.366790
Chr2	6000000	6200000	0.369855
Chr2	6200000	6400000	0.373620
Chr2	6400000	6600000	0.373865
Chr2	6600000	6800000	0.372855
Chr2	6800000	7000000	0.376370
Chr2	7000000	7200000	0.386050
Chr2	7200000	7400000	0.382340
Chr2	7400000	7600000	0.373795
Chr2	7600000	7800000	0.373550
Chr2	7800000	8000000	0.364345
Chr2	8000000	8200000	0.379695
Chr2	8200000	8400000	0.391205
Chr2	8400000	8600000	0.373680
Chr2	8600000	8800000	0.371095
Chr2	8800000	9000000	0.376595
Chr2	9000000	9200000	0.372470
Chr2	9200000	9400000	0.376910
Chr2	9400000	9600000	0.375950
Chr2	9600000	9800000	0.372805
Chr2	9800000	10000000	0.371755
Chr2	10000000	10200000	0.374605
Chr2	10200000	10400000	0.381810
Chr2	10400000	10600000	0.385000
Chr2	10600000	10800000	0.368110
Chr2	10800000	11000000	0.376940
Chr2	11000000	11200000	0.378320
Chr2	11200000	11400000	0.378785
Chr2	11400000	11600000	0.384590
Chr2	11600000	11800000	0.373855
Chr2	11800000	12000000	0.384255
Chr2	12000000	12200000	0.377730
Chr2	12200000	12400000	0.373835
Chr2	12400000	12600000	0.391655
Chr2	12600000	12800000	0.372740
Chr2	12800000	13000000	0.384105
Chr2	13000000	13200000	0.384195
Chr2	13200000	13400000	0.372750
Chr2	13400000	13600000	0.362525
Chr2	13600000	13800000	0.374435
Chr2	13800000	14000000	0.368730
Chr2	14000000	14200000	0.382080
Chr2	14200000	14400000	0.382295
Chr2	14400000	14600000	0.385730
Chr2	14600000	14800000	0.373095
Chr2	14800000	15000000	0.374435
Chr2	15000000	15200000	0.385480
Chr2	15200000	15400000	0.394180
Chr2	15400000	15600000	0.377910
Chr2	15600000	15800000	0.373920
Chr2	15800000	16000000	0.371725
Chr2	16000000	16200000	0.369665
Chr2	16200000	16400000	0.381725
Chr2	16400000	16600000	0.381740
Chr2	16600000	16800000	0.385200
Chr2	16800000	17000000	0.373690
Chr2	17000000	17200000	0.382120
Chr2	17200000	17400000	0.380395
Chr2	17400000	17600000	0.387200
Chr2	17600000	17800000	0.389395
Chr2	17800000	18000000	0.376960
Chr2	18000000	18200000	0.380010
Chr2	18200000	18400000	0.378295
Chr2	18400000	18600000	0.387120
Chr2	18600000	18800000	0.372775
Chr2	18800000	19000000	0.384985
Chr2	19000000	19200000	0.386330
Chr2	19200000	19400000	0.381585
Chr2	19400000	19600000	0.385595
Chr2	19600000	19800000	0.384720
Chr2	19800000	20000000	0.376170
Chr2	20000000	20200000	0.372690
Chr2	20200000	20400000	0.370305
Chr2	20400000	20600000	0.375815
Chr2	20600000	20800000	0.375395
Chr2	20800000	21000000	0.359245
Chr2	21000000	21200000	0.368970
Chr2	21200000	21400000	0.363170
Chr2	21400000	21600000	0.360425
Chr2	21600000	21800000	0.365915
Chr2	21800000	22000000	0.364150
Chr2	22000000	22200000	0.365510
Chr2	22200000	22400000	0.363830
Chr2	22400000	22600000	0.365275
Chr2	22600000	22800000	0.382820
Chr2	22800000	23000000	0.390140
Chr2	23000000	23200000	0.381925
Chr2	23200000	23400000	0.388305
Chr2	23400000	23600000	0.383695
Chr2	23600000	23800000	0.377795
Chr2	23800000	24000000	0.381250
Chr2	24000000	24200000	0.368810
Chr2	24200000	24400000	0.382485
Chr2	24400000	24600000	0.374665
Chr2	24600000	24800000	0.375720
Chr2	24800000	25000000	0.369510
Chr2	25000000	25200000	0.376650
Chr2	25200000	25400000	0.385710
Chr2	25400000	25600000	0.380065
Chr2	25600000	25800000	0.374445
Chr2	25800000	26000000	0.380275
Chr2	26000000	26200000	0.384515
Chr2	26200000	26400000	0.385455
Chr2	26400000	26600000	0.387000
Chr2	26600000	26800000	0.378095
Chr2	26800000	27000000	0.394685
Chr2	27000000	27200000	0.372250
Chr2	27200000	27400000	0.374510
Chr2	27400000	27600000	0.378975
Chr2	27600000	27800000	0.384505
Chr2	27800000	28000000	0.374685
Chr2	28000000	28200000	0.377260
Chr2	28200000	28400000	0.396690
Chr2	28400000	28600000	0.378425
Chr2	28600000	28800000	0.374445
Chr2	28800000	29000000	0.375500
Chr2	29000000	29200000	0.372665
Chr2	29200000	29400000	0.374615
Chr2	29400000	29600000	0.386930
Chr2	29600000	29800000	0.373830
Chr2	29800000	30000000	0.380840
Chr2	30000000	30200000	0.373730
Chr2	30200000	30400000	0.377080
Chr2	30400000	30600000	0.372460
Chr2	30600000	30800000	0.381345
Chr2	30800000	31000000	0.392675
Chr2	31000000	31200000	0.378290
Chr2	31200000	31400000	0.371785
Chr2	31400000	31600000	0.390420
Chr2	31600000	31800000	0.390755
Chr2	31800000	32000000	0.384765
Chr2	32000000	32200000	0.389650
Chr2	32200000	32400000	0.370400
Chr2	32400000	32600000	0.384055
Chr2	32600000	32800000	0.382200
Chr2	32800000	33000000	0.377675
Chr2	33000000	33200000	0.381910
Chr2	33200000	33400000	0.373340
Chr2	33400000	33600000	0.390595
Chr2	33600000	33800000	0.383180
Chr2	33800000	34000000	0.377560
Chr2	34000000	34200000	0.394430
Chr2	34200000	34400000	0.382190
Chr2	34400000	34600000	0.376795
Chr2	34600000	34800000	0.374755
Chr2	34800000	35000000	0.375230
Chr2	35000000	35200000	0.374690
Chr2	35200000	35400000	0.394745
Chr2	35400000	35600000	0.381820
Chr2	35600000	35800000	0.375330
Chr2	35800000	36000000	0.393885
Chr2	36000000	36200000	0.388360
Chr2	36200000	36400000	0.398675
Chr2	36400000	36600000	0.373260
Chr2	36600000	36800000	0.382310
Chr2	36800000	37000000	0.368810
Chr2	37000000	37200000	0.374815
Chr2	37200000	37400000	0.376535
Chr2	37400000	37600000	0.393840
Chr2	37600000	37800000	0.367205
Chr2	37800000	37982726	0.356933
Chr3	0	200000	0.390135
Chr3	200000	400000	0.374735
Chr3	400000	600000	0.378650
Chr3	600000	800000	0.366375
Chr3	800000	1000000	0.375400
Chr3	1000000	1200000	0.378505
Chr3	1200000	1400000	0.394375
Chr3	1400000	1600000	0.385550
Chr3	1600000	1800000	0.385620
Chr3	1800000	2000000	0.366665
Chr3	2000000	2200000	0.383435
Chr3	2200000	2400000	0.377330
Chr3	2400000	2600000	0.381385
Chr3	2600000	2800000	0.377255
Chr3	2800000	3000000	0.378220
Chr3	3000000	3200000	0.370360
Chr3	3200000	3400000	0.375335
Chr3	3400000	3600000	0.374000
Chr3	3600000	3800000	0.372775
Chr3	3800000	4000000	0.372460
Chr3	4000000	4200000	0.386140
Chr3	4200000	4400000	0.376930
Chr3	4400000	4600000	0.372200
Chr3	4600000	4800000	0.386320
Chr3	4800000	5000000	0.376440
Chr3	5000000	5200000	0.369750
Chr3	5200000	5400000	0.386345
Chr3	5400000	5600000	0.382810
Chr3	5600000	5800000	0.373360
Chr3	5800000	6000000	0.377160
Chr3	6000000	6200000	0.390295
Chr3	6200000	6400000	0.378755
Chr3	6400000	6600000	0.387890
Chr3	6600000	6800000	0.389240
Chr3	6800000	7000000	0.374870
Chr3	7000000	7200000	0.383390
Chr3	7200000	7400000	0.379580
Chr3	7400000	7600000	0.369470
Chr3	7600000	7800000	0.372325
Chr3	7800000	8000000	0.371875
Chr3	8000000	8200000	0.377410
Chr3	8200000	8400000	0.385690
Chr3	8400000	8600000	0.364180
Chr3	8600000	8800000	0.380175
Chr3	8800000	9000000	0.369845
Chr3	9000000	9200000	0.369775
Chr3	9200000	9400000	0.375065
Chr3	9400000	9600000	0.380395
Chr3	9600000	9800000	0.367870
Chr3	9800000	10000000	0.369600
Chr3	10000000	10200000	0.380125
Chr3	10200000	10400000	0.371525
Chr3	10400000	10600000	0.395855
Chr3	10600000	10800000	0.370480
Chr3	10800000	11000000	0.385185
Chr3	11000000	11200000	0.380240
Chr3	11200000	11400000	0.397830
Chr3	11400000	11600000	0.376570
Chr3	11600000	11800000	0.376420
Chr3	11800000	12000000	0.375320
Chr3	12000000	12200000	0.388825
Chr3	12200000	12400000	0.373100
Chr3	12400000	12600000	0.362895
Chr3	12600000	12800000	0.378255
Chr3	12800000	13000000	0.369480
Chr3	13000000	13200000	0.377870
Chr3	13200000	13400000	0.388390
Chr3	13400000	13600000	0.374970
Chr3	13600000	13800000	0.382020
Chr3	13800000	14000000	0.375840
Chr3	14000000	14200000	0.379900
Chr3	14200000	14400000	0.379820
Chr3	14400000	14600000	0.371900
Chr3	14600000	14800000	0.390115
Chr3	14800000	15000000	0.383695
Chr3	15000000	15200000	0.390230
Chr3	15200000	15400000	0.380855
Chr3	15400000	15600000	0.387765
Chr3	15600000	15800000	0.386720
Chr3	15800000	16000000	0.385180
Chr3	16000000	16200000	0.390150
Chr3	16200000	16400000	0.388110
Chr3	16400000	16600000	0.383000
Chr3	16600000	16800000	0.386710
Chr3	16800000	17000000	0.382390
Chr3	17000000	17200000	0.387075
Chr3	17200000	17400000	0.374425
Chr3	17400000	17600000	0.374315
Chr3	17600000	17800000	0.375745
Chr3	17800000	18000000	0.372935
Chr3	18000000	18200000	0.396290
Chr3	18200000	18400000	0.370490
Chr3	18400000	18600000	0.377955
Chr3	18600000	18800000	0.387860
Chr3	18800000	19000000	0.378610
Chr3	19000000	19200000	0.379460
Chr3	19200000	19400000	0.371840
Chr3	19400000	19600000	0.382355
Chr3	19600000	19800000	0.371730
Chr3	19800000	20000000	0.370945
Chr3	20000000	20200000	0.385260
Chr3	20200000	20400000	0.390530
Chr3	20400000	20600000	0.387755
Chr3	20600000	20800000	0.389295
Chr3	20800000	21000000	0.390955
Chr3	21000000	21200000	0.381355
Chr3	21200000	21400000	0.383340
Chr3	21400000	21600000	0.380620
Chr3	21600000	21800000	0.376465
Chr3	21800000	22000000	0.370710
Chr3	22000000	22200000	0.373640
Chr3	22200000	22400000	0.377165
Chr3	22400000	22600000	0.378590
Chr3	22600000	22800000	0.377185
Chr3	22800000	23000000	0.380655
Chr3	23000000	23200000	0.386820
Chr3	23200000	23400000	0.378330
Chr3	23400000	23600000	0.391150
Chr3	23600000	23800000	0.381860
Chr3	23800000	24000000	0.375555
Chr3	24000000	24200000	0.381910
Chr3	24200000	24400000	0.376710
Chr3	24400000	24600000	0.384135
Chr3	24600000	24800000	0.387000
Chr3	24800000	25000000	0.382265
Chr3	25000000	25200000	0.376705
Chr3	25200000	25400000	0.392320
Chr3	25400000	25600000	0.385135
Chr3	25600000	25800000	0.389880
Chr3	25800000	26000000	0.393620
Chr3	26000000	26200000	0.392865
Chr3	26200000	26400000	0.382130
Chr3	26400000	26600000	0.391770
Chr3	26600000	26800000	0.378915
Chr3	26800000	27000000	0.384455
Chr3	27000000	27200000	0.386315
Chr3	27200000	27400000	0.373470
Chr3	27400000	27600000	0.374945
Chr3	27600000	27800000	0.370600
Chr3	27800000	28000000	0.378975
Chr3	28000000	28200000	0.381990
Chr3	28200000	28400000	0.376860
Chr3	28400000	28600000	0.379950
Chr3	28600000	28800000	0.385625
Chr3	28800000	29000000	0.386170
Chr3	29000000	29200000	0.370055
Chr3	29200000	29400000	0.383590
Chr3	29400000	29600000	0.384415
Chr3	29600000	29800000	0.363430
Chr3	29800000	30000000	0.380680
Chr3	30000000	30200000	0.375620
Chr3	30200000	30400000	0.384440
Chr3	30400000	30600000	0.371285
Chr3	30600000	30800000	0.372640
Chr3	30800000	31000000	0.377105
Chr3	31000000	31200000	0.390255
Chr3	31200000	31400000	0.381795
Chr3	31400000	31600000	0.370945
Chr3	31600000	31800000	0.373795
Chr3	31800000	32000000	0.392525
Chr3	32000000	32200000	0.390940
Chr3	32200000	32400000	0.399760
Chr3	32400000	32600000	0.376530
Chr3	32600000	32800000	0.379610
Chr3	32800000	33000000	0.383090
Chr3	33000000	33200000	0.375385
Chr3	33200000	33400000	0.366915
Chr3	33400000	33600000	0.368725
Chr3	33600000	33800000	0.370850
Chr3	33800000	34000000	0.375175
Chr3	34000000	34200000	0.384210
Chr3	34200000	34400000	0.373765
Chr3	34400000	34600000	0.376920
Chr3	34600000	34800000	0.377970
Chr3	34800000	35000000	0.379945
Chr3	35000000	35200000	0.374305
Chr3	35200000	35400000	0.375655
Chr3	35400000	35600000	0.375135
Chr3	35600000	35800000	0.387900
Chr3	35800000	36000000	0.372740
Chr3	36000000	36200000	0.387495
Chr3	36200000	36400000	0.367640
Chr3	36400000	36600000	0.376160
Chr3	36600000	36800000	0.390860
Chr3	36800000	37000000	0.386205
Chr3	37000000	37200000	0.382310
Chr3	37200000	37400000	0.383505
Chr3	37400000	37451735	0.361496
Chr4	0	200000	0.377385
Chr4	200000	400000	0.384630
Chr4	400000	600000	0.375515
Chr4	600000	800000	0.382560
Chr4	800000	1000000	0.383890
Chr4	1000000	1200000	0.384220
Chr4	1200000	1400000	0.372910
Chr4	1400000	1600000	0.387330
Chr4	1600000	1800000	0.389560
Chr4	1800000	2000000	0.380555
Chr4	2000000	2200000	0.391710
Chr4	2200000	2400000	0.385560
Chr4	2400000	2600000	0.375795
Chr4	2600000	2800000	0.373655
Chr4	2800000	3000000	0.377675
Chr4	3000000	3200000	0.382730
Chr4	3200000	3400000	0.378915
Chr4	3400000	3600000	0.381195
Chr4	3600000	3800000	0.367865
Chr4	3800000	4000000	0.381195
Chr4	4000000	4200000	0.382100
Chr4	4200000	4400000	0.368970
Chr4	4400000	4600000	0.380990
Chr4	4600000	4800000	0.386740
Chr4	4800000	5000000	0.383110
Chr4	5000000	5200000	0.377285
Chr4	5200000	5400000	0.375585
Chr4	5400000	5600000	0.368140
Chr4	5600000	5800000	0.382565
Chr4	5800000	6000000	0.369940
Chr4	6000000	6200000	0.392460
Chr4	6200000	6400000	0.376010
Chr4	6400000	6600000	0.383410
Chr4	6600000	6800000	0.389120
Chr4	6800000	7000000	0.387555
Chr4	7000000	7200000	0.376425
Chr4	7200000	7400000	0.383045
Chr4	7400000	7600000	0.374785
Chr4	7600000	7800000	0.378065
Chr4	7800000	8000000	0.394110
Chr4	8000000	8200000	0.383970
Chr4	8200000	8400000	0.371255
Chr4	8400000	8600000	0.375390
Chr4	8600000	8800000	0.377600
Chr4	8800000	9000000	0.388370
Chr4	9000000	9200000	0.383270
Chr4	9200000	9400000	0.386310
Chr4	9400000	9600000	0.379535
Chr4	9600000	9800000	0.375150
Chr4	9800000	10000000	0.381540
Chr4	10000000	10200000	0.381845
Chr4	10200000	10400000	0.371060
Chr4	10400000	10600000	0.379090
Chr4	10600000	10800000	0.389810
Chr4	10800000	11000000	0.373915
Chr4	11000000	11200000	0.365010
Chr4	11200000	11400000	0.381100
Chr4	11400000	11600000	0.385585
Chr4	11600000	11800000	0.386900
Chr4	11800000	12000000	0.378045
Chr4	12000000	12200000	0.367100
Chr4	12200000	12400000	0.360955
Chr4	12400000	12600000	0.370325
Chr4	12600000	12800000	0.375975
Chr4	12800000	13000000	0.377670
Chr4	13000000	13200000	0.382380
Chr4	13200000	13400000	0.388810
Chr4	13400000	13600000	0.378240
Chr4	13600000	13800000	0.377525
Chr4	13800000	14000000	0.381815
Chr4	14000000	14200000	0.377325
Chr4	14200000	14400000	0.399430
Chr4	14400000	14600000	0.387480
Chr4	14600000	14800000	0.379245
Chr4	14800000	15000000	0.375985
Chr4	15000000	15200000	0.379475
Chr4	15200000	15400000	0.384320
Chr4	15400000	15600000	0.384100
Chr4	15600000	15800000	0.372460
Chr4	15800000	16000000	0.389565
Chr4	16000000	16200000	0.374260
Chr4	16200000	16400000	0.376545
Chr4	16400000	16600000	0.377180
Chr4	16600000	16800000	0.397725
Chr4	16800000	17000000	0.365470
Chr4	17000000	17200000	0.383855
Chr4	17200000	17400000	0.379355
Chr4	17400000	17600000	0.381570
Chr4	17600000	17800000	0.372135
Chr4	17800000	18000000	0.378425
Chr4	18000000	18200000	0.370760
Chr4	18200000	18400000	0.375645
Chr4	18400000	18600000	0.379150
Chr4	18600000	18800000	0.367790
Chr4	18800000	19000000	0.394855
Chr4	19000000	19200000	0.380715
Chr4	19200000	19400000	0.374210
Chr4	19400000	19600000	0.377000
Chr4	19600000	19800000	0.382370
Chr4	19800000	20000000	0.376425
Chr4	20000000	20200000	0.369415
Chr4	20200000	20400000	0.378230
Chr4	20400000	20600000	0.382125
Chr4	20600000	20800000	0.376210
Chr4	20800000	21000000	0.369575
Chr4	21000000	21200000	0.378055
Chr4	21200000	21400000	0.393435
Chr4	21400000	21600000	0.386325
Chr4	21600000	21800000	0.382715
Chr4	21800000	22000000	0.372970
Chr4	22000000	22200000	0.373175
Chr4	22200000	22400000	0.386165
Chr4	22400000	22600000	0.373235
Chr4	22600000	22800000	0.378870
Chr4	22800000	23000000	0.373860
Chr4	23000000	23200000	0.384330
Chr4	23200000	23400000	0.391685
Chr4	23400000	23600000	0.367925
Chr4	23600000	23800000	0.385400
Chr4	23800000	24000000	0.389050
Chr4	24000000	24200000	0.385305
Chr4	24200000	24400000	0.366090
Chr4	24400000	24600000	0.379630
Chr4	24600000	24800000	0.387555
Chr4	24800000	25000000	0.373945
Chr4	25000000	25200000	0.385625
Chr4	25200000	25400000	0.370665
Chr4	25400000	25600000	0.377740
Chr4	25600000	25800000	0.382125
Chr4	25800000	26000000	0.378065
Chr4	26000000	26200000	0.390890
Chr4	26200000	26400000	0.383625
Chr4	26400000	26600000	0.374465
Chr4	26600000	26800000	0.379340
Chr4	26800000	27000000	0.376650
Chr4	27000000	27200000	0.381275
Chr4	27200000	27400000	0.379285
Chr4	27400000	27600000	0.395230
Chr4	27600000	27800000	0.373740
Chr4	27800000	28000000	0.384410
Chr4	28000000	28200000	0.369955
Chr4	28200000	28204096	0.418457
Chr5	0	200000	0.404895
Chr5	200000	400000	0.388265
Chr5	400000	600000	0.377020
Chr5	600000	800000	0.387695
Chr5	800000	1000000	0.397190
Chr5	1000000	1200000	0.377980
Chr5	1200000	1400000	0.369540
Chr5	1400000	1600000	0.386555
Chr5	1600000	1800000	0.374925
Chr5	1800000	2000000	0.385385
Chr5	2000000	2200000	0.383770
Chr5	2200000	2400000	0.379665
Chr5	2400000	2600000	0.384030
Chr5	2600000	2800000	0.372780
Chr5	2800000	3000000	0.397305
Chr5	3000000	3200000	0.383660
Chr5	3200000	3400000	0.381155
Chr5	3400000	3600000	0.381895
Chr5	3600000	3800000	0.387340
Chr5	3800000	4000000	0.378875
Chr5	4000000	4200000	0.376120
Chr5	4200000	4400000	0.366680
Chr5	4400000	4600000	0.378700
Chr5	4600000	4800000	0.391140
Chr5	4800000	5000000	0.378495
Chr5	5000000	5200000	0.397725
Chr5	5200000	5400000	0.383015
Chr5	5400000	5600000	0.378985
Chr5	5600000	5800000	0.380585
Chr5	5800000	6000000	0.391455
Chr5	6000000	6200000	0.395245
Chr5	6200000	6400000	0.383705
Chr5	6400000	6600000	0.385600
Chr5	6600000	6800000	0.388405
Chr5	6800000	7000000	0.384525
Chr5	7000000	7200000	0.373185
Chr5	7200000	7400000	0.390005
Chr5	7400000	7600000	0.379205
Chr5	7600000	7800000	0.380645
Chr5	7800000	8000000	0.388205
Chr5	8000000	8200000	0.384815
Chr5	8200000	8400000	0.379920
Chr5	8400000	8600000	0.382560
Chr5	8600000	8800000	0.383880
Chr5	8800000	9000000	0.374445
Chr5	9000000	9200000	0.383380
Chr5	9200000	9400000	0.381995
Chr5	9400000	9600000	0.388570
Chr5	9600000	9800000	0.377915
Chr5	9800000	10000000	0.390300
Chr5	10000000	10200000	0.383635
Chr5	10200000	10400000	0.388215
Chr5	10400000	10600000	0.369495
Chr5	10600000	10800000	0.390585
Chr5	10800000	11000000	0.390615
Chr5	11000000	11200000	0.387265
Chr5	11200000	11400000	0.382910
Chr5	11400000	11600000	0.373460
Chr5	11600000	11800000	0.403930
Chr5	11800000	12000000	0.391060
Chr5	12000000	12200000	0.388305
Chr5	12200000	12400000	0.376265
Chr5	12400000	12600000	0.371630
Chr5	12600000	12800000	0.380625
Chr5	12800000	13000000	0.373685
Chr5	13000000	13200000	0.364230
Chr5	13200000	13400000	0.384650
Chr5	13400000	13600000	0.377655
Chr5	13600000	13800000	0.384150
Chr5	13800000	14000000	0.370575
Chr5	14000000	14200000	0.380450
Chr5	14200000	14400000	0.376605
Chr5	14400000	14600000	0.380030
Chr5	14600000	14800000	0.379545
Chr5	14800000	15000000	0.389680
Chr5	15000000	15200000	0.388705
Chr5	15200000	15400000	0.392090
Chr5	15400000	15600000	0.385535
Chr5	15600000	15800000	0.388425
Chr5	15800000	16000000	0.376600
Chr5	16000000	16200000	0.370475
Chr5	16200000	16400000	0.379845
Chr5	16400000	16600000	0.376000
Chr5	16600000	16800000	0.366295
Chr5	16800000	17000000	0.375590
Chr5	17000000	17200000	0.376060
Chr5	17200000	17400000	0.371325
Chr5	17400000	17600000	0.382740
Chr5	17600000	17800000	0.376110
Chr5	17800000	18000000	0.390035
Chr5	18000000	18200000	0.380395
Chr5	18200000	18400000	0.379035
Chr5	18400000	18600000	0.380210
Chr5	18600000	18800000	0.382315
Chr5	18800000	19000000	0.378625
Chr5	19000000	19200000	0.399135
Chr5	19200000	19400000	0.392895
Chr5	19400000	19600000	0.396830
Chr5	19600000	19800000	0.373895
Chr5	19800000	20000000	0.388460
Chr5	20000000	20200000	0.387820
Chr5	20200000	20400000	0.371780
Chr5	20400000	20600000	0.393680
Chr5	20600000	20800000	0.385110
Chr5	20800000	21000000	0.388980
Chr5	21000000	21200000	0.376130
Chr5	21200000	21400000	0.373725
Chr5	21400000	21600000	0.383410
Chr5	21600000	21800000	0.392285
Chr5	21800000	22000000	0.377000
Chr5	22000000	22200000	0.380780
Chr5	22200000	22400000	0.383980
Chr5	22400000	22600000	0.397840
Chr5	22600000	22800000	0.374195
Chr5	22800000	23000000	0.374395
Chr5	23000000	23200000	0.370510
Chr5	23200000	23400000	0.387685
Chr5	23400000	23600000	0.384700
Chr5	23600000	23800000	0.384310
Chr5	23800000	24000000	0.371900
Chr5	24000000	24200000	0.377635
Chr5	24200000	24400000	0.377340
Chr5	24400000	24600000	0.395235
Chr5	24600000	24800000	0.378590
Chr5	24800000	25000000	0.378605
Chr5	25000000	25200000	0.362335
Chr5	25200000	25400000	0.389740
Chr5	25400000	25600000	0.373935
Chr5	25600000	25800000	0.371590
Chr5	25800000	26000000	0.384640
Chr5	26000000	26200000	0.381765
Chr5	26200000	26400000	0.382575
Chr5	26400000	26600000	0.386915
Chr5	26600000	26800000	0.396485
Chr5	26800000	27000000	0.371275
Chr5	27000000	27200000	0.390940
Chr5	27200000	27400000	0.384270
Chr5	27400000	27600000	0.375280
Chr5	27600000	27800000	0.375845
Chr5	27800000	28000000	0.362335
Chr5	28000000	28200000	0.376920
Chr5	28200000	28400000	0.387520
Chr5	28400000	28600000	0.378345
Chr5	28600000	28800000	0.374835
Chr5	28800000	29000000	0.387500
Chr5	29000000	29200000	0.368185
Chr5	29200000	29400000	0.369475
Chr5	29400000	29600000	0.378705
Chr5	29600000	29800000	0.377730
Chr5	29800000	30000000	0.379690
Chr5	30000000	30200000	0.389430
Chr5	30200000	30400000	0.377495
Chr5	30400000	30600000	0.383290
Chr5	30600000	30800000	0.373790
Chr5	30800000	31000000	0.374515
Chr5	31000000	31200000	0.382155
Chr5	31200000	31400000	0.377610
Chr5	31400000	31600000	0.392635
Chr5	31600000	31800000	0.388840
Chr5	31800000	32000000	0.369260
Chr5	32000000	32200000	0.369650
Chr5	32200000	32400000	0.384710
Chr5	32400000	32600000	0.378540
Chr5	32600000	32800000	0.392040
Chr5	32800000	33000000	0.375195
Chr5	33000000	33200000	0.385400
Chr5	33200000	33400000	0.384575
Chr5	33400000	33600000	0.390335
Chr5	33600000	33800000	0.371800
Chr5	33800000	34000000	0.367355
Chr5	34000000	34200000	0.381755
Chr5	34200000	34400000	0.374005
Chr5	34400000	34600000	0.396870
Chr5	34600000	34800000	0.378390
Chr5	34800000	35000000	0.377365
Chr5	35000000	35200000	0.368915
Chr5	35200000	35400000	0.381065
Chr5	35400000	35600000	0.367945
Chr5	35600000	35800000	0.371675
Chr5	35800000	36000000	0.377215
Chr5	36000000	36200000	0.384440
Chr5	36200000	36400000	0.374235
Chr5	36400000	36600000	0.374900
Chr5	36600000	36800000	0.378535
Chr5	36800000	37000000	0.366400
Chr5	37000000	37200000	0.368040
Chr5	37200000	37400000	0.374650
Chr5	37400000	37600000	0.384265
Chr5	37600000	37800000	0.366235
Chr5	37800000	38000000	0.380115
Chr5	38000000	38200000	0.372620
Chr5	38200000	38400000	0.374500
Chr5	38400000	38600000	0.380130
Chr5	38600000	38800000	0.385065
Chr5	38800000	39000000	0.369880
Chr5	39000000	39200000	0.362655
Chr5	39200000	39400000	0.370635
Chr5	39400000	39600000	0.370195
Chr5	39600000	39800000	0.361905
Chr5	39800000	40000000	0.380700
Chr5	40000000	40200000	0.379370
Chr5	40200000	40400000	0.365230
Chr5	40400000	40600000	0.362875
Chr5	40600000	40800000	0.373815
Chr5	40800000	41000000	0.372685
Chr5	41000000	41200000	0.376970
Chr5	41200000	41400000	0.376150
Chr5	41400000	41600000	0.373995
Chr5	41600000	41800000	0.389295
Chr5	41800000	42000000	0.377120
Chr5	42000000	42200000	0.374025
Chr5	42200000	42400000	0.370625
Chr5	42400000	42600000	0.376690
Chr5	42600000	42800000	0.372890
Chr5	42800000	43000000	0.374965
Chr5	43000000	43200000	0.385040
Chr5	43200000	43400000	0.387045
Chr5	43400000	43600000	0.382760
Chr5	43600000	43800000	0.377000
Chr5	43800000	44000000	0.382800
Chr5	44000000	44200000	0.379325
Chr5	44200000	44400000	0.369630
Chr5	44400000	44600000	0.374265
Chr5	44600000	44800000	0.381440
Chr5	44800000	45000000	0.374465
Chr5	45000000	45200000	0.385395
Chr5	45200000	45400000	0.367135
Chr5	45400000	45600000	0.377400
Chr5	45600000	45635594	0.374164
Chr6	0	200000	0.386915
Chr6	200000	400000	0.385590
Chr6	400000	600000	0.369265
Chr6	600000	800000	0.383945
Chr6	800000	1000000	0.363935
Chr6	1000000	1200000	0.381925
Chr6	1200000	1400000	0.383135
Chr6	1400000	1600000	0.395940
Chr6	1600000	1800000	0.372900
Chr6	1800000	2000000	0.381295
Chr6	2000000	2200000	0.384965
Chr6	2200000	2400000	0.388180
Chr6	2400000	2600000	0.400555
Chr6	2600000	2800000	0.385220
Chr6	2800000	3000000	0.371675
Chr6	3000000	3200000	0.370850
Chr6	3200000	3400000	0.376045
Chr6	3400000	3600000	0.375170
Chr6	3600000	3800000	0.381745
Chr6	3800000	4000000	0.367265
Chr6	4000000	4200000	0.376025
Chr6	4200000	4400000	0.377280
Chr6	4400000	4600000	0.386475
Chr6	4600000	4800000	0.376390
Chr6	4800000	5000000	0.388985
Chr6	5000000	5200000	0.376820
Chr6	5200000	5400000	0.370345
Chr6	5400000	5600000	0.379790
Chr6	5600000	5800000	0.371235
Chr6	5800000	6000000	0.378515
Chr6	6000000	6200000	0.378975
Chr6	6200000	6400000	0.379435
Chr6	6400000	6600000	0.390005
Chr6	6600000	6800000	0.384380
Chr6	6800000	7000000	0.375690
Chr6	7000000	7200000	0.378585
Chr6	7200000	7400000	0.383660
Chr6	7400000	7600000	0.379645
Chr6	7600000	7800000	0.387155
Chr6	7800000	8000000	0.372000
Chr6	8000000	8200000	0.390680
Chr6	8200000	8400000	0.377885
Chr6	8400000	8600000	0.380865
Chr6	8600000	8800000	0.391335
Chr6	8800000	9000000	0.370115
Chr6	9000000	9200000	0.378250
Chr6	9200000	9400000	0.379440
Chr6	9400000	9600000	0.374650
Chr6	9600000	9800000	0.375445
Chr6	9800000	10000000	0.371500
Chr6	10000000	10200000	0.388240
Chr6	10200000	10400000	0.366200
Chr6	10400000	10600000	0.376970
Chr6	10600000	10800000	0.369385
Chr6	10800000	11000000	0.365915
Chr6	11000000	11200000	0.378185
Chr6	11200000	11400000	0.357245
Chr6	11400000	11600000	0.367120
Chr6	11600000	11800000	0.374015
Chr6	11800000	12000000	0.381075
Chr6	12000000	12200000	0.385710
Chr6	12200000	12400000	0.386180
Chr6	12400000	12600000	0.385830
Chr6	12600000	12800000	0.358865
Chr6	12800000	13000000	0.362170
Chr6	13000000	13200000	0.372595
Chr6	13200000	13400000	0.364920
Chr6	13400000	13600000	0.365450
Chr6	13600000	13800000	0.388675
Chr6	13800000	14000000	0.376915
Chr6	14000000	14200000	0.373480
Chr6	14200000	14400000	0.379085
Chr6	14400000	14600000	0.383945
Chr6	14600000	14800000	0.382285
Chr6	14800000	15000000	0.383700
Chr6	15000000	15200000	0.384865
Chr6	15200000	15400000	0.381285
Chr6	15400000	15600000	0.377145
Chr6	15600000	15800000	0.381440
Chr6	15800000	16000000	0.387095
Chr6	16000000	16200000	0.377455
Chr6	16200000	16400000	0.379340
Chr6	16400000	16600000	0.374530
Chr6	16600000	16800000	0.381420
Chr6	16800000	17000000	0.378195
Chr6	17000000	17200000	0.389360
Chr6	17200000	17400000	0.384865
Chr6	17400000	17600000	0.378580
Chr6	17600000	17800000	0.383590
Chr6	17800000	18000000	0.391135
Chr6	18000000	18200000	0.380585
Chr6	18200000	18400000	0.386390
Chr6	18400000	18600000	0.384670
Chr6	18600000	18800000	0.379870
Chr6	18800000	19000000	0.381315
Chr6	19000000	19200000	0.374425
Chr6	19200000	19400000	0.369400
Chr6	19400000	19600000	0.373040
Chr6	19600000	19800000	0.385630
Chr6	19800000	20000000	0.371800
Chr6	20000000	20200000	0.368245
Chr6	20200000	20400000	0.382400
Chr6	20400000	20600000	0.376810
Chr6	20600000	20800000	0.373385
Chr6	20800000	21000000	0.391725
Chr6	21000000	21200000	0.380610
Chr6	21200000	21400000	0.377700
Chr6	21400000	21600000	0.387620
Chr6	21600000	21800000	0.385865
Chr6	21800000	22000000	0.375840
Chr6	22000000	22200000	0.388265
Chr6	22200000	22400000	0.401790
Chr6	22400000	22600000	0.365675
Chr6	22600000	22800000	0.389375
Chr6	22800000	23000000	0.367450
Chr6	23000000	23200000	0.384210
Chr6	23200000	23400000	0.377245
Chr6	23400000	23600000	0.383680
Chr6	23600000	23800000	0.383630
Chr6	23800000	24000000	0.378575
Chr6	24000000	24200000	0.374240
Chr6	24200000	24400000	0.381725
Chr6	24400000	24600000	0.391695
Chr6	24600000	24800000	0.374845
Chr6	24800000	25000000	0.388855
Chr6	25000000	25200000	0.383770
Chr6	25200000	25400000	0.376480
Chr6	25400000	25600000	0.383260
Chr6	25600000	25800000	0.378455
Chr6	25800000	26000000	0.371015
Chr6	26000000	26200000	0.379870
Chr6	26200000	26400000	0.389905
Chr6	26400000	26600000	0.381910
Chr6	26600000	26800000	0.382665
Chr6	26800000	27000000	0.365700
Chr6	27000000	27200000	0.386855
Chr6	27200000	27400000	0.377470
Chr6	27400000	27600000	0.371390
Chr6	27600000	27800000	0.382915
Chr6	27800000	28000000	0.382065
Chr6	28000000	28200000	0.395455
Chr6	28200000	28400000	0.384765
Chr6	28400000	28600000	0.374285
Chr6	28600000	28800000	0.371480
Chr6	28800000	29000000	0.373135
Chr6	29000000	29200000	0.375045
Chr6	29200000	29400000	0.368985
Chr6	29400000	29600000	0.380650
Chr6	29600000	29800000	0.363785
Chr6	29800000	30000000	0.385775
Chr6	30000000	30200000	0.377840
Chr6	30200000	30400000	0.378515
Chr6	30400000	30600000	0.386725
Chr6	30600000	30800000	0.379485
Chr6	30800000	31000000	0.381735
Chr6	31000000	31200000	0.385195
Chr6	31200000	31400000	0.369485
Chr6	31400000	31600000	0.383160
Chr6	31600000	31800000	0.369305
Chr6	31800000	32000000	0.375865
Chr6	32000000	32200000	0.375590
Chr6	32200000	32349783	0.375016
Chr7	0	200000	0.386590
Chr7	200000	400000	0.377765
Chr7	400000	600000	0.371995
Chr7	600000	800000	0.374730
Chr7	800000	1000000	0.373595
Chr7	1000000	1200000	0.368970
Chr7	1200000	1400000	0.373705
Chr7	1400000	1600000	0.390880
Chr7	1600000	1800000	0.392965
Chr7	1800000	2000000	0.365655
Chr7	2000000	2200000	0.379660
Chr7	2200000	2400000	0.379065
Chr7	2400000	2600000	0.385305
Chr7	2600000	2800000	0.373345
Chr7	2800000	3000000	0.365145
Chr7	3000000	3200000	0.389130
Chr7	3200000	3400000	0.385420
Chr7	3400000	3600000	0.379260
Chr7	3600000	3800000	0.394900
Chr7	3800000	4000000	0.387330
Chr7	4000000	4200000	0.388690
Chr7	4200000	4400000	0.379880
Chr7	4400000	4600000	0.393875
Chr7	4600000	4800000	0.369835
Chr7	4800000	5000000	0.383050
Chr7	5000000	5200000	0.375660
Chr7	5200000	5400000	0.376565
Chr7	5400000	5600000	0.381415
Chr7	5600000	5800000	0.374225
Chr7	5800000	6000000	0.384980
Chr7	6000000	6200000	0.383960
Chr7	6200000	6400000	0.384850
Chr7	6400000	6600000	0.382250
Chr7	6600000	6800000	0.389375
Chr7	6800000	7000000	0.376835
Chr7	7000000	7200000	0.379990
Chr7	7200000	7400000	0.390360
Chr7	7400000	7600000	0.380095
Chr7	7600000	7800000	0.378405
Chr7	7800000	8000000	0.377585
Chr7	8000000	8200000	0.379880
Chr7	8200000	8400000	0.385085
Chr7	8400000	8600000	0.377485
Chr7	8600000	8800000	0.380890
Chr7	8800000	9000000	0.371785
Chr7	9000000	9200000	0.379960
Chr7	9200000	9400000	0.368935
Chr7	9400000	9600000	0.367430
Chr7	9600000	9800000	0.395470
Chr7	9800000	10000000	0.374740
Chr7	10000000	10200000	0.371285
Chr7	10200000	10400000	0.377490
Chr7	10400000	10600000	0.363960
Chr7	10600000	10800000	0.378650
Chr7	10800000	11000000	0.396495
Chr7	11000000	11200000	0.400150
Chr7	11200000	11400000	0.377660
Chr7	11400000	11600000	0.386395
Chr7	11600000	11800000	0.387215
Chr7	11800000	12000000	0.375130
Chr7	12000000	12200000	0.385195
Chr7	12200000	12400000	0.380555
Chr7	12400000	12600000	0.394500
Chr7	12600000	12800000	0.381055
Chr7	12800000	13000000	0.387090
Chr7	13000000	13200000	0.384540
Chr7	13200000	13400000	0.384435
Chr7	13400000	13600000	0.381740
Chr7	13600000	13800000	0.374810
Chr7	13800000	14000000	0.380640
Chr7	14000000	14200000	0.378275
Chr7	14200000	14400000	0.372875
Chr7	14400000	14600000	0.376100
Chr7	14600000	14800000	0.370445
Chr7	14800000	15000000	0.373420
Chr7	15000000	15200000	0.386905
Chr7	15200000	15400000	0.370850
Chr7	15400000	15600000	0.368990
Chr7	15600000	15800000	0.380685
Chr7	15800000	16000000	0.385425
Chr7	16000000	16200000	0.379935
Chr7	16200000	16400000	0.364510
Chr7	16400000	16600000	0.351655
Chr7	16600000	16800000	0.368020
Chr7	16800000	17000000	0.374265
Chr7	17000000	17200000	0.381825
Chr7	17200000	17400000	0.382670
Chr7	17400000	17600000	0.374445
Chr7	17600000	17800000	0.367065
Chr7	17800000	18000000	0.377405
Chr7	18000000	18200000	0.370210
Chr7	18200000	18400000	0.385865
Chr7	18400000	18600000	0.379815
Chr7	18600000	18800000	0.371675
Chr7	18800000	19000000	0.384220
Chr7	19000000	19200000	0.385065
Chr7	19200000	19400000	0.386315
Chr7	19400000	19600000	0.369325
Chr7	19600000	19800000	0.379680
Chr7	19800000	20000000	0.375235
Chr7	20000000	20200000	0.374105
Chr7	20200000	20400000	0.389120
Chr7	20400000	20600000	0.396560
Chr7	20600000	20800000	0.387945
Chr7	20800000	21000000	0.396740
Chr7	21000000	21200000	0.381885
Chr7	21200000	21400000	0.379330
Chr7	21400000	21600000	0.374190
Chr7	21600000	21800000	0.380630
Chr7	21800000	22000000	0.387385
Chr7	22000000	22200000	0.387650
Chr7	22200000	22400000	0.374495
Chr7	22400000	22600000	0.369370
Chr7	22600000	22800000	0.385460
Chr7	22800000	23000000	0.380315
Chr7	23000000	23200000	0.393545
Chr7	23200000	23400000	0.389850
Chr7	23400000	23600000	0.382470
Chr7	23600000	23800000	0.386360
Chr7	23800000	24000000	0.391405
Chr7	24000000	24200000	0.402265
Chr7	24200000	24400000	0.380530
Chr7	24400000	24600000	0.379560
Chr7	24600000	24800000	0.384010
Chr7	24800000	25000000	0.388825
Chr7	25000000	25200000	0.370380
Chr7	25200000	25400000	0.379225
Chr7	25400000	25600000	0.373095
Chr7	25600000	25800000	0.374940
Chr7	25800000	26000000	0.370515
Chr7	26000000	26200000	0.393190
Chr7	26200000	26400000	0.385735
Chr7	26400000	26600000	0.384375
Chr7	26600000	26800000	0.369905
Chr7	26800000	27000000	0.373180
Chr7	27000000	27200000	0.383685
Chr7	27200000	27400000	0.382645
Chr7	27400000	27600000	0.374090
Chr7	27600000	27800000	0.373005
Chr7	27800000	28000000	0.375010
Chr7	28000000	28200000	0.386215
Chr7	28200000	28400000	0.378565
Chr7	28400000	28600000	0.378420
Chr7	28600000	28800000	0.384165
Chr7	28800000	29000000	0.384955
Chr7	29000000	29200000	0.380455
Chr7	29200000	29400000	0.381985
Chr7	29400000	29600000	0.380605
Chr7	29600000	29800000	0.383945
Chr7	29800000	30000000	0.387485
Chr7	30000000	30200000	0.377270
Chr7	30200000	30400000	0.373895
Chr7	30400000	30600000	0.382970
Chr7	30600000	30800000	0.369045
Chr7	30800000	31000000	0.375445
Chr7	31000000	31200000	0.392010
Chr7	31200000	31400000	0.373685
Chr7	31400000	31600000	0.385005
Chr7	31600000	31800000	0.370945
Chr7	31800000	32000000	0.387210
Chr7	32000000	32200000	0.379020
Chr7	32200000	32400000	0.376265
Chr7	32400000	32600000	0.387685
Chr7	32600000	32800000	0.379110
Chr7	32800000	33000000	0.367455
Chr7	33000000	33200000	0.369220
Chr7	33200000	33400000	0.372160
Chr7	33400000	33600000	0.381860
Chr7	33600000	33800000	0.363520
Chr7	33800000	34000000	0.392850
Chr7	34000000	34200000	0.377200
Chr7	34200000	34400000	0.373550
Chr7	34400000	34600000	0.372575
Chr7	34600000	34800000	0.375970
Chr7	34800000	35000000	0.372955
Chr7	35000000	35200000	0.377960
Chr7	35200000	35400000	0.375620
Chr7	35400000	35600000	0.378455
Chr7	35600000	35800000	0.379460
Chr7	35800000	36000000	0.365555
Chr7	36000000	36200000	0.391830
Chr7	36200000	36400000	0.373400
Chr7	36400000	36600000	0.386805
Chr7	36600000	36685546	0.392900
Chr8	0	200000	0.391360
Chr8	200000	400000	0.381950
Chr8	400000	600000	0.394135
Chr8	600000	800000	0.375245
Chr8	800000	1000000	0.377050
Chr8	1000000	1200000	0.369385
Chr8	1200000	1400000	0.384915
Chr8	1400000	1600000	0.372615
Chr8	1600000	1800000	0.371455
Chr8	1800000	2000000	0.364960
Chr8	2000000	2200000	0.378205
Chr8	2200000	2400000	0.381135
Chr8	2400000	2600000	0.370600
Chr8	2600000	2800000	0.367440
Chr8	2800000	3000000	0.370135
Chr8	3000000	3200000	0.377145
Chr8	3200000	3400000	0.377385
Chr8	3400000	3600000	0.384005
Chr8	3600000	3800000	0.375790
Chr8	3800000	4000000	0.376870
Chr8	4000000	4200000	0.375975
Chr8	4200000	4400000	0.371435
Chr8	4400000	4600000	0.403840
Chr8	4600000	4800000	0.389025
Chr8	4800000	5000000	0.386050
Chr8	5000000	5200000	0.371500
Chr8	5200000	5400000	0.376010
Chr8	5400000	5600000	0.385485
Chr8	5600000	5800000	0.381605
Chr8	5800000	6000000	0.382885
Chr8	6000000	6200000	0.373565
Chr8	6200000	6400000	0.383760
Chr8	6400000	6600000	0.373335
Chr8	6600000	6800000	0.366185
Chr8	6800000	7000000	0.376245
Chr8	7000000	7200000	0.375365
Chr8	7200000	7400000	0.373675
Chr8	7400000	7600000	0.367660
Chr8	7600000	7800000	0.374380
Chr8	7800000	8000000	0.380980
Chr8	8000000	8200000	0.374485
Chr8	8200000	8400000	0.384325
Chr8	8400000	8600000	0.378635
Chr8	8600000	8800000	0.374015
Chr8	8800000	9000000	0.369495
Chr8	9000000	9200000	0.375890
Chr8	9200000	9400000	0.387605
Chr8	9400000	9600000	0.385030
Chr8	9600000	9800000	0.379225
Chr8	9800000	10000000	0.378755
Chr8	10000000	10200000	0.375585
Chr8	10200000	10400000	0.379920
Chr8	10400000	10600000	0.380920
Chr8	10600000	10800000	0.379870
Chr8	10800000	11000000	0.380215
Chr8	11000000	11200000	0.374725
Chr8	11200000	11400000	0.375350
Chr8	11400000	11600000	0.381795
Chr8	11600000	11800000	0.380400
Chr8	11800000	12000000	0.378620
Chr8	12000000	12200000	0.384045
Chr8	12200000	12400000	0.385360
Chr8	12400000	12600000	0.365860
Chr8	12600000	12800000	0.388410
Chr8	12800000	13000000	0.374980
Chr8	13000000	13200000	0.380530
Chr8	13200000	13400000	0.383425
Chr8	13400000	13600000	0.393850
Chr8	13600000	13800000	0.378695
Chr8	13800000	14000000	0.377385
Chr8	14000000	14200000	0.389465
Chr8	14200000	14400000	0.379620
Chr8	14400000	14600000	0.391830
Chr8	14600000	14800000	0.377300
Chr8	14800000	15000000	0.375700
Chr8	15000000	15200000	0.377150
Chr8	15200000	15400000	0.383915
Chr8	15400000	15600000	0.385320
Chr8	15600000	15800000	0.392040
Chr8	15800000	16000000	0.382755
Chr8	16000000	16200000	0.378295
Chr8	16200000	16400000	0.379535
Chr8	16400000	16600000	0.370530
Chr8	16600000	16800000	0.378285
Chr8	16800000	17000000	0.389535
Chr8	17000000	17200000	0.385555
Chr8	17200000	17400000	0.363005
Chr8	17400000	17600000	0.373900
Chr8	17600000	17800000	0.373170
Chr8	17800000	18000000	0.382570
Chr8	18000000	18200000	0.383860
Chr8	18200000	18400000	0.388745
Chr8	18400000	18600000	0.373520
Chr8	18600000	18800000	0.378750
Chr8	18800000	19000000	0.380255
Chr8	19000000	19200000	0.372170
Chr8	19200000	19400000	0.376515
Chr8	19400000	19600000	0.391440
Chr8	19600000	19800000	0.389405
Chr8	19800000	20000000	0.378550
Chr8	20000000	20200000	0.382950
Chr8	20200000	20400000	0.383685
Chr8	20400000	20600000	0.376110
Chr8	20600000	20800000	0.390890
Chr8	20800000	21000000	0.370560
Chr8	21000000	21200000	0.371760
Chr8	21200000	21400000	0.386275
Chr8	21400000	21600000	0.382370
Chr8	21600000	21800000	0.381670
Chr8	21800000	22000000	0.372420
Chr8	22000000	22200000	0.371320
Chr8	22200000	22400000	0.364135
Chr8	22400000	22600000	0.386505
Chr8	22600000	22800000	0.366460
Chr8	22800000	23000000	0.363575
Chr8	23000000	23200000	0.381065
Chr8	23200000	23400000	0.383390
Chr8	23400000	23600000	0.391405
Chr8	23600000	23800000	0.393530
Chr8	23800000	24000000	0.377520
Chr8	24000000	24200000	0.380230
Chr8	24200000	24400000	0.365685
Chr8	24400000	24600000	0.393425
Chr8	24600000	24800000	0.399960
Chr8	24800000	25000000	0.367685
Chr8	25000000	25200000	0.381240
Chr8	25200000	25400000	0.388790
Chr8	25400000	25600000	0.376710
Chr8	25600000	25800000	0.387505
Chr8	25800000	26000000	0.378470
Chr8	26000000	26200000	0.372845
Chr8	26200000	26400000	0.395240
Chr8	26400000	26600000	0.381145
Chr8	26600000	26800000	0.361785
Chr8	26800000	27000000	0.381065
Chr8	27000000	27200000	0.376055
Chr8	27200000	27400000	0.377445
Chr8	27400000	27600000	0.383740
Chr8	27600000	27800000	0.392170
Chr8	27800000	28000000	0.383105
Chr8	28000000	28200000	0.367995
Chr8	28200000	28400000	0.364210
Chr8	28400000	28600000	0.380665
Chr8	28600000	28800000	0.378140
Chr8	28800000	29000000	0.388320
Chr8	29000000	29200000	0.390035
Chr8	29200000	29400000	0.382980
Chr8	29400000	29600000	0.384400
Chr8	29600000	29800000	0.395700
Chr8	29800000	30000000	0.386665
Chr8	30000000	30200000	0.374985
Chr8	30200000	30400000	0.385855
Chr8	30400000	30600000	0.379395
Chr8	30600000	30800000	0.379530
Chr8	30800000	31000000	0.372095
Chr8	31000000	31200000	0.383725
Chr8	31200000	31371431	0.394958
Chr9	0	200000	0.383690
Chr9	200000	400000	0.387310
Chr9	400000	600000	0.393280
Chr9	600000	800000	0.381590
Chr9	800000	1000000	0.376405
Chr9	1000000	1200000	0.379560
Chr9	1200000	1400000	0.385080
Chr9	1400000	1600000	0.385100
Chr9	1600000	1800000	0.378870
Chr9	1800000	2000000	0.392030
Chr9	2000000	2200000	0.383465
Chr9	2200000	2400000	0.380185
Chr9	2400000	2600000	0.380210
Chr9	2600000	2800000	0.390885
Chr9	2800000	3000000	0.390760
Chr9	3000000	3200000	0.392145
Chr9	3200000	3400000	0.374140
Chr9	3400000	3600000	0.375740
Chr9	3600000	3800000	0.379875
Chr9	3800000	4000000	0.382195
Chr9	4000000	4200000	0.382415
Chr9	4200000	4400000	0.380965
Chr9	4400000	4600000	0.387170
Chr9	4600000	4800000	0.378840
Chr9	4800000	5000000	0.371010
Chr9	5000000	5200000	0.372305
Chr9	5200000	5400000	0.387440
Chr9	5400000	5600000	0.382555
Chr9	5600000	5800000	0.371295
Chr9	5800000	6000000	0.371970
Chr9	6000000	6200000	0.365515
Chr9	6200000	6400000	0.372525
Chr9	6400000	6600000	0.384585
Chr9	6600000	6800000	0.382200
Chr9	6800000	7000000	0.376470
Chr9	7000000	7200000	0.382795
Chr9	7200000	7400000	0.379445
Chr9	7400000	7600000	0.370370
Chr9	7600000	7800000	0.370795
Chr9	7800000	8000000	0.381260
Chr9	8000000	8200000	0.376155
Chr9	8200000	8400000	0.380835
Chr9	8400000	8600000	0.380005
Chr9	8600000	8800000	0.368440
Chr9	8800000	9000000	0.382410
Chr9	9000000	9200000	0.381565
Chr9	9200000	9400000	0.383070
Chr9	9400000	9600000	0.377990
Chr9	9600000	9800000	0.379195
Chr9	9800000	10000000	0.386640
Chr9	10000000	10200000	0.390575
Chr9	10200000	10400000	0.384055
Chr9	10400000	10600000	0.389725
Chr9	10600000	10800000	0.398790
Chr9	10800000	11000000	0.381050
Chr9	11000000	11200000	0.369930
Chr9	11200000	11400000	0.381225
Chr9	11400000	11600000	0.374415
Chr9	11600000	11800000	0.393400
Chr9	11800000	12000000	0.376010
Chr9	12000000	12200000	0.373460
Chr9	12200000	12400000	0.388645
Chr9	12400000	12600000	0.382630
Chr9	12600000	12800000	0.375830
Chr9	12800000	13000000	0.377225
Chr9	13000000	13200000	0.382895
Chr9	13200000	13400000	0.369670
Chr9	13400000	13600000	0.384150
Chr9	13600000	13800000	0.376485
Chr9	13800000	14000000	0.370545
Chr9	14000000	14200000	0.367280
Chr9	14200000	14400000	0.379590
Chr9	14400000	14600000	0.388930
Chr9	14600000	14800000	0.374880
Chr9	14800000	15000000	0.379965
Chr9	15000000	15200000	0.378640
Chr9	15200000	15400000	0.380740
Chr9	15400000	15600000	0.391115
Chr9	15600000	15800000	0.393895
Chr9	15800000	16000000	0.376050
Chr9	16000000	16200000	0.388000
Chr9	16200000	16400000	0.370405
Chr9	16400000	16600000	0.371120
Chr9	16600000	16800000	0.372650
Chr9	16800000	17000000	0.380820
Chr9	17000000	17200000	0.380740
Chr9	17200000	17400000	0.379845
Chr9	17400000	17600000	0.390835
Chr9	17600000	17800000	0.366650
Chr9	17800000	18000000	0.383430
Chr9	18000000	18200000	0.370350
Chr9	18200000	18400000	0.378930
Chr9	18400000	18600000	0.366945
Chr9	18600000	18800000	0.396515
Chr9	18800000	19000000	0.385365
Chr9	19000000	19200000	0.372950
Chr9	19200000	19400000	0.379105
Chr9	19400000	19600000	0.378205
Chr9	19600000	19800000	0.378195
Chr9	19800000	20000000	0.379660
Chr9	20000000	20200000	0.381685
Chr9	20200000	20400000	0.379520
Chr9	20400000	20600000	0.382530
Chr9	20600000	20800000	0.366480
Chr9	20800000	21000000	0.371310
Chr9	21000000	21200000	0.376945
Chr9	21200000	21400000	0.376160
Chr9	21400000	21600000	0.368315
Chr9	21600000	21800000	0.382765
Chr9	21800000	22000000	0.359580
Chr9	22000000	22200000	0.351390
Chr9	22200000	22400000	0.355520
Chr9	22400000	22600000	0.382500
Chr9	22600000	22800000	0.361045
Chr9	22800000	23000000	0.366050
Chr9	23000000	23200000	0.371515
Chr9	23200000	23400000	0.359265
Chr9	23400000	23600000	0.350595
Chr9	23600000	23800000	0.357855
Chr9	23800000	24000000	0.370645
Chr9	24000000	24200000	0.376405
Chr9	24200000	24400000	0.375370
Chr9	24400000	24600000	0.388425
Chr9	24600000	24800000	0.361545
Chr9	24800000	25000000	0.371995
Chr9	25000000	25200000	0.387125
Chr9	25200000	25400000	0.378515
Chr9	25400000	25600000	0.364035
Chr9	25600000	25800000	0.391105
Chr9	25800000	26000000	0.376700
Chr9	26000000	26200000	0.375140
Chr9	26200000	26400000	0.378380
Chr9	26400000	26600000	0.385950
Chr9	26600000	26800000	0.379405
Chr9	26800000	27000000	0.382855
Chr9	27000000	27200000	0.386975
Chr9	27200000	27400000	0.386550
Chr9	27400000	27600000	0.384870
Chr9	27600000	27800000	0.378040
Chr9	27800000	28000000	0.364105
Chr9	28000000	28200000	0.379295
Chr9	28200000	28400000	0.385625
Chr9	28400000	28600000	0.380195
Chr9	28600000	28800000	0.391645
Chr9	28800000	29000000	0.396915
Chr9	29000000	29200000	0.379120
Chr9	29200000	29400000	0.379905
Chr9	29400000	29600000	0.370920
Chr9	29600000	29800000	0.366190
Chr9	29800000	30000000	0.382190
Chr9	30000000	30200000	0.394265
Chr9	30200000	30400000	0.379860
Chr9	30400000	30600000	0.381125
Chr9	30600000	30800000	0.378955
Chr9	30800000	31000000	0.385305
Chr9	31000000	31200000	0.382845
Chr9	31200000	31400000	0.376305
Chr9	31400000	31600000	0.391315
Chr9	31600000	31800000	0.383710
Chr9	31800000	32000000	0.378505
Chr9	32000000	32200000	0.378130
Chr9	32200000	32400000	0.376875
Chr9	32400000	32600000	0.367280
Chr9	32600000	32800000	0.376195
Chr9	32800000	33000000	0.391000
Chr9	33000000	33200000	0.379360
Chr9	33200000	33400000	0.376390
Chr9	33400000	33600000	0.390860
Chr9	33600000	33800000	0.390905
Chr9	33800000	34000000	0.381260
Chr9	34000000	34200000	0.396420
Chr9	34200000	34400000	0.387090
Chr9	34400000	34600000	0.395345
Chr9	34600000	34800000	0.400440
Chr9	34800000	35000000	0.375045
Chr9	35000000	35059391	0.451853
Chr10	0	200000	0.402355
Chr10	200000	400000	0.401270
Chr10	400000	600000	0.389515
Chr10	600000	800000	0.383860
Chr10	800000	1000000	0.383200
Chr10	1000000	1200000	0.397420
Chr10	1200000	1400000	0.401525
Chr10	1400000	1600000	0.374990
Chr10	1600000	1800000	0.383125
Chr10	1800000	2000000	0.380715
Chr10	2000000	2200000	0.383055
Chr10	2200000	2400000	0.385855
Chr10	2400000	2600000	0.360885
Chr10	2600000	2800000	0.385190
Chr10	2800000	3000000	0.364720
Chr10	3000000	3200000	0.373535
Chr10	3200000	3400000	0.375645
Chr10	3400000	3600000	0.373120
Chr10	3600000	3800000	0.377980
Chr10	3800000	4000000	0.387600
Chr10	4000000	4200000	0.381520
Chr10	4200000	4400000	0.378055
Chr10	4400000	4600000	0.377465
Chr10	4600000	4800000	0.388615
Chr10	4800000	5000000	0.381245
Chr10	5000000	5200000	0.375180
Chr10	5200000	5400000	0.375180
Chr10	5400000	5600000	0.375335
Chr10	5600000	5800000	0.377490
Chr10	5800000	6000000	0.378130
Chr10	6000000	6200000	0.388140
Chr10	6200000	6400000	0.383560
Chr10	6400000	6600000	0.388350
Chr10	6600000	6800000	0.388545
Chr10	6800000	7000000	0.389365
Chr10	7000000	7200000	0.380770
Chr10	7200000	7400000	0.381285
Chr10	7400000	7600000	0.385535
Chr10	7600000	7800000	0.398255
Chr10	7800000	8000000	0.385705
Chr10	8000000	8200000	0.382540
Chr10	8200000	8400000	0.397600
Chr10	8400000	8600000	0.385800
Chr10	8600000	8800000	0.369065
Chr10	8800000	9000000	0.358255
Chr10	9000000	9200000	0.386585
Chr10	9200000	9400000	0.384955
Chr10	9400000	9600000	0.381450
Chr10	9600000	9800000	0.386230
Chr10	9800000	10000000	0.393495
Chr10	10000000	10200000	0.384350
Chr10	10200000	10400000	0.390825
Chr10	10400000	10600000	0.388465
Chr10	10600000	10800000	0.397880
Chr10	10800000	11000000	0.374930
Chr10	11000000	11200000	0.372635
Chr10	11200000	11400000	0.378700
Chr10	11400000	11600000	0.378355
Chr10	11600000	11800000	0.398800
Chr10	11800000	12000000	0.370110
Chr10	12000000	12200000	0.376775
Chr10	12200000	12400000	0.376495
Chr10	12400000	12600000	0.375935
Chr10	12600000	12800000	0.373245
Chr10	12800000	13000000	0.382655
Chr10	13000000	13200000	0.382460
Chr10	13200000	13400000	0.374435
Chr10	13400000	13600000	0.379690
Chr10	13600000	13800000	0.380345
Chr10	13800000	14000000	0.382775
Chr10	14000000	14200000	0.376595
Chr10	14200000	14400000	0.371715
Chr10	14400000	14600000	0.378085
Chr10	14600000	14800000	0.384905
Chr10	14800000	15000000	0.371905
Chr10	15000000	15200000	0.379105
Chr10	15200000	15400000	0.382705
Chr10	15400000	15600000	0.382050
Chr10	15600000	15800000	0.380710
Chr10	15800000	16000000	0.387310
Chr10	16000000	16200000	0.391350
Chr10	16200000	16400000	0.383350
Chr10	16400000	16600000	0.385595
Chr10	16600000	16800000	0.374605
Chr10	16800000	17000000	0.369560
Chr10	17000000	17200000	0.365795
Chr10	17200000	17400000	0.367130
Chr10	17400000	17600000	0.368605
Chr10	17600000	17800000	0.365985
Chr10	17800000	18000000	0.366145
Chr10	18000000	18200000	0.368060
Chr10	18200000	18400000	0.372775
Chr10	18400000	18600000	0.369165
Chr10	18600000	18800000	0.368750
Chr10	18800000	19000000	0.375350
Chr10	19000000	19200000	0.372290
Chr10	19200000	19400000	0.378785
Chr10	19400000	19600000	0.376355
Chr10	19600000	19800000	0.379200
Chr10	19800000	20000000	0.380380
Chr10	20000000	20200000	0.383570
Chr10	20200000	20400000	0.372520
Chr10	20400000	20600000	0.380625
Chr10	20600000	20800000	0.375945
Chr10	20800000	21000000	0.388395
Chr10	21000000	21200000	0.377940
Chr10	21200000	21400000	0.383205
Chr10	21400000	21600000	0.399835
Chr10	21600000	21800000	0.385290
Chr10	21800000	22000000	0.380520
Chr10	22000000	22200000	0.381390
Chr10	22200000	22400000	0.381470
Chr10	22400000	22600000	0.380225
Chr10	22600000	22800000	0.388150
Chr10	22800000	23000000	0.383505
Chr10	23000000	23200000	0.378220
Chr10	23200000	23400000	0.374755
Chr10	23400000	23600000	0.379745
Chr10	23600000	23800000	0.391905
Chr10	23800000	24000000	0.393675
Chr10	24000000	24200000	0.383365
Chr10	24200000	24400000	0.385370
Chr10	24400000	24600000	0.373825
Chr10	24600000	24800000	0.372605
Chr10	24800000	25000000	0.374390
Chr10	25000000	25200000	0.379910
Chr10	25200000	25400000	0.384345
Chr10	25400000	25600000	0.390470
Chr10	25600000	25800000	0.389990
Chr10	25800000	26000000	0.384155
Chr10	26000000	26200000	0.380010
Chr10	26200000	26400000	0.372105
Chr10	26400000	26600000	0.390095
Chr10	26600000	26800000	0.372340
Chr10	26800000	27000000	0.383260
Chr10	27000000	27200000	0.372935
Chr10	27200000	27400000	0.400005
Chr10	27400000	27600000	0.387915
Chr10	27600000	27800000	0.385975
Chr10	27800000	28000000	0.374615
Chr10	28000000	28200000	0.402775
Chr10	28200000	28400000	0.377605
Chr10	28400000	28600000	0.405910
Chr10	28600000	28800000	0.379040
Chr10	28800000	29000000	0.388825
Chr10	29000000	29200000	0.382380
Chr10	29200000	29400000	0.376625
Chr10	29400000	29600000	0.378090
Chr10	29600000	29800000	0.381390
Chr10	29800000	30000000	0.376315
Chr10	30000000	30200000	0.383490
Chr10	30200000	30400000	0.372920
Chr10	30400000	30600000	0.360140
Chr10	30600000	30800000	0.367470
Chr10	30800000	31000000	0.387545
Chr10	31000000	31200000	0.381640
Chr10	31200000	31400000	0.375770
Chr10	31400000	31600000	0.385110
Chr10	31600000	31800000	0.377235
Chr10	31800000	32000000	0.367465
Chr10	32000000	32200000	0.380185
Chr10	32200000	32400000	0.379225
Chr10	32400000	32600000	0.368670
Chr10	32600000	32800000	0.379755
Chr10	32800000	33000000	0.380165
Chr10	33000000	33200000	0.370530
Chr10	33200000	33400000	0.378915
Chr10	33400000	33600000	0.377715
Chr10	33600000	33800000	0.376565
Chr10	33800000	34000000	0.376825
Chr10	34000000	34200000	0.385015
Chr10	34200000	34400000	0.378035
Chr10	34400000	34600000	0.382755
Chr10	34600000	34800000	0.379150
Chr10	34800000	35000000	0.376835
Chr10	35000000	35200000	0.371355
Chr10	35200000	35400000	0.380995
Chr10	35400000	35600000	0.369090
Chr10	35600000	35800000	0.374745
Chr10	35800000	36000000	0.389755
Chr10	36000000	36200000	0.382410
Chr10	36200000	36400000	0.375010
Chr10	36400000	36600000	0.371730
Chr10	36600000	36800000	0.377070
Chr10	36800000	37000000	0.377225
Chr10	37000000	37200000	0.386355
Chr10	37200000	37400000	0.365325
Chr10	37400000	37600000	0.374970
Chr10	37600000	37800000	0.376305
Chr10	37800000	38000000	0.365030
Chr10	38000000	38200000	0.377510
Chr10	38200000	38400000	0.374770
Chr10	38400000	38600000	0.376660
Chr10	38600000	38800000	0.376060
Chr10	38800000	39000000	0.389220
Chr10	39000000	39200000	0.374810
Chr10	39200000	39400000	0.376135
Chr10	39400000	39600000	0.376595
Chr10	39600000	39800000	0.380215
Chr10	39800000	40000000	0.384770
Chr10	40000000	40200000	0.379940
Chr10	40200000	40400000	0.383485
Chr10	40400000	40600000	0.379160
Chr10	40600000	40800000	0.388775
Chr10	40800000	41000000	0.375185
Chr10	41000000	41200000	0.369425
Chr10	41200000	41400000	0.377395
Chr10	41400000	41600000	0.390665
Chr10	41600000	41800000	0.373990
Chr10	41800000	42000000	0.378615
Chr10	42000000	42200000	0.384090
Chr10	42200000	42400000	0.385410
Chr10	42400000	42600000	0.374650
Chr10	42600000	42800000	0.377200
Chr10	42800000	43000000	0.370710
Chr10	43000000	43200000	0.373910
Chr10	43200000	43400000	0.374185
Chr10	43400000	43600000	0.373945
Chr10	43600000	43700000	0.376380
Chr11	0	200000	0.391570
Chr11	200000	400000	0.377595
Chr11	400000	600000	0.391070
Chr11	600000	800000	0.375695
Chr11	800000	1000000	0.376140
Chr11	1000000	1200000	0.369550
Chr11	1200000	1400000	0.372895
Chr11	1400000	1600000	0.374675
Chr11	1600000	1800000	0.371445
Chr11	1800000	2000000	0.380140
Chr11	2000000	2200000	0.381505
Chr11	2200000	2400000	0.365500
Chr11	2400000	2600000	0.375035
Chr11	2600000	2800000	0.369140
Chr11	2800000	3000000	0.388835
Chr11	3000000	3200000	0.379695
Chr11	3200000	3400000	0.379580
Chr11	3400000	3600000	0.370830
Chr11	3600000	3800000	0.376735
Chr11	3800000	4000000	0.374310
Chr11	4000000	4200000	0.380405
Chr11	4200000	4400000	0.389545
Chr11	4400000	4600000	0.385805
Chr11	4600000	4800000	0.379615
Chr11	4800000	5000000	0.374990
Chr11	5000000	5200000	0.371900
Chr11	5200000	5400000	0.385665
Chr11	5400000	5600000	0.372395
Chr11	5600000	5800000	0.378230
Chr11	5800000	6000000	0.387320
Chr11	6000000	6200000	0.378140
Chr11	6200000	6400000	0.385170
Chr11	6400000	6600000	0.378460
Chr11	6600000	6800000	0.381765
Chr11	6800000	7000000	0.384190
Chr11	7000000	7200000	0.392925
Chr11	7200000	7400000	0.387520
Chr11	7400000	7600000	0.382875
Chr11	7600000	7800000	0.381760
Chr11	7800000	8000000	0.375195
Chr11	8000000	8200000	0.377125
Chr11	8200000	8400000	0.377260
Chr11	8400000	8600000	0.372440
Chr11	8600000	8800000	0.370110
Chr11	8800000	9000000	0.370380
Chr11	9000000	9200000	0.374485
Chr11	9200000	9400000	0.395040
Chr11	9400000	9600000	0.381860
Chr11	9600000	9800000	0.371700
Chr11	9800000	10000000	0.378730
Chr11	10000000	10200000	0.375220
Chr11	10200000	10400000	0.382425
Chr11	10400000	10600000	0.368790
Chr11	10600000	10800000	0.382990
Chr11	10800000	11000000	0.386790
Chr11	11000000	11200000	0.392040
Chr11	11200000	11400000	0.376095
Chr11	11400000	11600000	0.372365
Chr11	11600000	11800000	0.373000
Chr11	11800000	12000000	0.372955
Chr11	12000000	12200000	0.387005
Chr11	12200000	12400000	0.397385
Chr11	12400000	12600000	0.378715
Chr11	12600000	12800000	0.380100
Chr11	12800000	13000000	0.380345
Chr11	13000000	13200000	0.375975
Chr11	13200000	13400000	0.380005
Chr11	13400000	13600000	0.375205
Chr11	13600000	13800000	0.372100
Chr11	13800000	14000000	0.367890
Chr11	14000000	14200000	0.377010
Chr11	14200000	14400000	0.379820
Chr11	14400000	14600000	0.368040
Chr11	14600000	14800000	0.357830
Chr11	14800000	15000000	0.378445
Chr11	15000000	15200000	0.371735
Chr11	15200000	15400000	0.381120
Chr11	15400000	15600000	0.375535
Chr11	15600000	15800000	0.363315
Chr11	15800000	16000000	0.363955
Chr11	16000000	16200000	0.372450
Chr11	16200000	16400000	0.386045
Chr11	16400000	16600000	0.375295
Chr11	16600000	16800000	0.385770
Chr11	16800000	17000000	0.371205
Chr11	17000000	17200000	0.400940
Chr11	17200000	17400000	0.388440
Chr11	17400000	17600000	0.382225
Chr11	17600000	17800000	0.388355
Chr11	17800000	18000000	0.388600
Chr11	18000000	18200000	0.384000
Chr11	18200000	18400000	0.384960
Chr11	18400000	18600000	0.382340
Chr11	18600000	18800000	0.373460
Chr11	18800000	19000000	0.394265
Chr11	19000000	19200000	0.383115
Chr11	19200000	19400000	0.374970
Chr11	19400000	19600000	0.377385
Chr11	19600000	19800000	0.375210
Chr11	19800000	20000000	0.381990
Chr11	20000000	20200000	0.378490
Chr11	20200000	20400000	0.381950
Chr11	20400000	20600000	0.374950
Chr11	20600000	20800000	0.371485
Chr11	20800000	21000000	0.363580
Chr11	21000000	21200000	0.368145
Chr11	21200000	21400000	0.380555
Chr11	21400000	21600000	0.382170
Chr11	21600000	21800000	0.382635
Chr11	21800000	22000000	0.387825
Chr11	22000000	22200000	0.369490
Chr11	22200000	22400000	0.362670
Chr11	22400000	22600000	0.377990
Chr11	22600000	22800000	0.397865
Chr11	22800000	23000000	0.372200
Chr11	23000000	23200000	0.379535
Chr11	23200000	23400000	0.384010
Chr11	23400000	23600000	0.381275
Chr11	23600000	23800000	0.367805
Chr11	23800000	24000000	0.380510
Chr11	24000000	24200000	0.375475
Chr11	24200000	24400000	0.376825
Chr11	24400000	24600000	0.380540
Chr11	24600000	24800000	0.380380
Chr11	24800000	25000000	0.376115
Chr11	25000000	25200000	0.397020
Chr11	25200000	25400000	0.383550
Chr11	25400000	25600000	0.380020
Chr11	25600000	25800000	0.384495
Chr11	25800000	26000000	0.361395
Chr11	26000000	26200000	0.397885
Chr11	26200000	26400000	0.387425
Chr11	26400000	26600000	0.387905
Chr11	26600000	26800000	0.373485
Chr11	26800000	27000000	0.394585
Chr11	27000000	27200000	0.381010
Chr11	27200000	27400000	0.378620
Chr11	27400000	27600000	0.385190
Chr11	27600000	27800000	0.394295
Chr11	27800000	28000000	0.387160
Chr11	28000000	28200000	0.372635
Chr11	28200000	28400000	0.392395
Chr11	28400000	28600000	0.369130
Chr11	28600000	28800000	0.372155
Chr11	28800000	29000000	0.383935
Chr11	29000000	29200000	0.365150
Chr11	29200000	29400000	0.385215
Chr11	29400000	29600000	0.380660
Chr11	29600000	29800000	0.388175
Chr11	29800000	30000000	0.377885
Chr11	30000000	30200000	0.378225
Chr11	30200000	30400000	0.380445
Chr11	30400000	30600000	0.372860
Chr11	30600000	30800000	0.379835
Chr11	30800000	31000000	0.374375
Chr11	31000000	31200000	0.388380
Chr11	31200000	31400000	0.384865
Chr11	31400000	31600000	0.391425
Chr11	31600000	31800000	0.377420
Chr11	31800000	32000000	0.382175
Chr11	32000000	32200000	0.374060
Chr11	32200000	32400000	0.376240
Chr11	32400000	32600000	0.394825
Chr11	32600000	32800000	0.369835
Chr11	32800000	33000000	0.377240
Chr11	33000000	33200000	0.372030
Chr11	33200000	33400000	0.375640
Chr11	33400000	33600000	0.386685
Chr11	33600000	33800000	0.370835
Chr11	33800000	34000000	0.373110
Chr11	34000000	34200000	0.367415
Chr11	34200000	34400000	0.376585
Chr11	34400000	34600000	0.365500
Chr11	34600000	34800000	0.372505
Chr11	34800000	35000000	0.369845
Chr11	35000000	35200000	0.372750
Chr11	35200000	35400000	0.377905
Chr11	35400000	35600000	0.374270
Chr11	35600000	35800000	0.374045
Chr11	35800000	36000000	0.368645
Chr11	36000000	36200000	0.368390
Chr11	36200000	36400000	0.387535
Chr11	36400000	36600000	0.378950
Chr11	36600000	36800000	0.380035
Chr11	36800000	37000000	0.375540
Chr11	37000000	37200000	0.372115
Chr11	37200000	37400000	0.383440
Chr11	37400000	37600000	0.376115
Chr11	37600000	37800000	0.388120
Chr11	37800000	38000000	0.380485
Chr11	38000000	38200000	0.389140
Chr11	38200000	38400000	0.377580
Chr11	38400000	38600000	0.386035
Chr11	38600000	38800000	0.385070
Chr11	38800000	39000000	0.381300
Chr11	39000000	39200000	0.389105
Chr11	39200000	39400000	0.382315
Chr11	39400000	39600000	0.398715
Chr11	39600000	39651545	0.380949
Chr12	0	200000	0.382915
Chr12	200000	400000	0.382400
Chr12	400000	600000	0.378705
Chr12	600000	800000	0.378200
Chr12	800000	1000000	0.382350
Chr12	1000000	1200000	0.374500
Chr12	1200000	1400000	0.371140
Chr12	1400000	1600000	0.373010
Chr12	1600000	1800000	0.374460
Chr12	1800000	2000000	0.371190
Chr12	2000000	2200000	0.377470
Chr12	2200000	2400000	0.383715
Chr12	2400000	2600000	0.370960
Chr12	2600000	2800000	0.384405
Chr12	2800000	3000000	0.392985
Chr12	3000000	3200000	0.384530
Chr12	3200000	3400000	0.375595
Chr12	3400000	3600000	0.386885
Chr12	3600000	3800000	0.370955
Chr12	3800000	4000000	0.376150
Chr12	4000000	4200000	0.386585
Chr12	4200000	4400000	0.383395
Chr12	4400000	4600000	0.376935
Chr12	4600000	4800000	0.362605
Chr12	4800000	5000000	0.378525
Chr12	5000000	5200000	0.374550
Chr12	5200000	5400000	0.381090
Chr12	5400000	5600000	0.382320
Chr12	5600000	5800000	0.374640
Chr12	5800000	6000000	0.363480
Chr12	6000000	6200000	0.367700
Chr12	6200000	6400000	0.366610
Chr12	6400000	6600000	0.387075
Chr12	6600000	6800000	0.370865
Chr12	6800000	7000000	0.380645
Chr12	7000000	7200000	0.392550
Chr12	7200000	7400000	0.369930
Chr12	7400000	7600000	0.391100
Chr12	7600000	7800000	0.381405
Chr12	7800000	8000000	0.379855
Chr12	8000000	8200000	0.373975
Chr12	8200000	8400000	0.376515
Chr12	8400000	8600000	0.378170
Chr12	8600000	8800000	0.377015
Chr12	8800000	9000000	0.367960
Chr12	9000000	9200000	0.382975
Chr12	9200000	9400000	0.396555
Chr12	9400000	9600000	0.381520
Chr12	9600000	9800000	0.379875
Chr12	9800000	10000000	0.379225
Chr12	10000000	10200000	0.391880
Chr12	10200000	10400000	0.368675
Chr12	10400000	10600000	0.392495
Chr12	10600000	10800000	0.384820
Chr12	10800000	11000000	0.392545
Chr12	11000000	11200000	0.390650
Chr12	11200000	11400000	0.377945
Chr12	11400000	11600000	0.387225
Chr12	11600000	11800000	0.387995
Chr12	11800000	12000000	0.375425
Chr12	12000000	12200000	0.377595
Chr12	12200000	12400000	0.365395
Chr12	12400000	12600000	0.371300
Chr12	12600000	12800000	0.371015
Chr12	12800000	13000000	0.374405
Chr12	13000000	13200000	0.350285
Chr12	13200000	13400000	0.372885
Chr12	13400000	13600000	0.376305
Chr12	13600000	13800000	0.375240
Chr12	13800000	14000000	0.383290
Chr12	14000000	14200000	0.381540
Chr12	14200000	14400000	0.384960
Chr12	14400000	14600000	0.380265
Chr12	14600000	14800000	0.384885
Chr12	14800000	15000000	0.371800
Chr12	15000000	15200000	0.374510
Chr12	15200000	15400000	0.366135
Chr12	15400000	15600000	0.368480
Chr12	15600000	15800000	0.370365
Chr12	15800000	16000000	0.372990
Chr12	16000000	16200000	0.378040
Chr12	16200000	16400000	0.382195
Chr12	16400000	16600000	0.390140
Chr12	16600000	16800000	0.394990
Chr12	16800000	17000000	0.374185
Chr12	17000000	17200000	0.394585
Chr12	17200000	17400000	0.393435
Chr12	17400000	17600000	0.382525
Chr12	17600000	17800000	0.381810
Chr12	17800000	18000000	0.370535
Chr12	18000000	18200000	0.374125
Chr12	18200000	18400000	0.379525
Chr12	18400000	18600000	0.389350
Chr12	18600000	18800000	0.381250
Chr12	18800000	19000000	0.373155
Chr12	19000000	19200000	0.382010
Chr12	19200000	19400000	0.387360
Chr12	19400000	19600000	0.383280
Chr12	19600000	19800000	0.382420
Chr12	19800000	20000000	0.386335
Chr12	20000000	20200000	0.377380
Chr12	20200000	20400000	0.399955
Chr12	20400000	20600000	0.385905
Chr12	20600000	20800000	0.377425
Chr12	20800000	21000000	0.390880
Chr12	21000000	21200000	0.378270
Chr12	21200000	21400000	0.380020
Chr12	21400000	21600000	0.370030
Chr12	21600000	21800000	0.388655
Chr12	21800000	22000000	0.389235
Chr12	22000000	22200000	0.377360
Chr12	22200000	22400000	0.385125
Chr12	22400000	22600000	0.385080
Chr12	22600000	22800000	0.380210
Chr12	22800000	23000000	0.388165
Chr12	23000000	23200000	0.390200
Chr12	23200000	23400000	0.383235
Chr12	23400000	23600000	0.381800
Chr12	23600000	23800000	0.376610
Chr12	23800000	24000000	0.380045
Chr12	24000000	24200000	0.383235
Chr12	24200000	24400000	0.370900
Chr12	24400000	24600000	0.379915
Chr12	24600000	24800000	0.381500
Chr12	24800000	25000000	0.371625
Chr12	25000000	25200000	0.372690
Chr12	25200000	25400000	0.391310
Chr12	25400000	25600000	0.374150
Chr12	25600000	25800000	0.382170
Chr12	25800000	26000000	0.382355
Chr12	26000000	26200000	0.368295
Chr12	26200000	26400000	0.377455
Chr12	26400000	26600000	0.377940
Chr12	26600000	26800000	0.378865
Chr12	26800000	27000000	0.379250
Chr12	27000000	27200000	0.366750
Chr12	27200000	27400000	0.380790
Chr12	27400000	27600000	0.369275
Chr12	27600000	27800000	0.380725
Chr12	27800000	28000000	0.378770
Chr12	28000000	28200000	0.376600
Chr12	28200000	28400000	0.382030
Chr12	28400000	28600000	0.395630
Chr12	28600000	28800000	0.374710
Chr12	28800000	29000000	0.378525
Chr12	29000000	29200000	0.377615
Chr12	29200000	29400000	0.371630
Chr12	29400000	29600000	0.394160
Chr12	29600000	29800000	0.384525
Chr12	29800000	30000000	0.381565
Chr12	30000000	30200000	0.376850
Chr12	30200000	30400000	0.391190
Chr12	30400000	30600000	0.374080
Chr12	30600000	30800000	0.386550
Chr12	30800000	31000000	0.377050
Chr12	31000000	31200000	0.373495
Chr12	31200000	31400000	0.395675
Chr12	31400000	31600000	0.379810
Chr12	31600000	31800000	0.375315
Chr12	31800000	31915921	0.373366
Chr13	0	200000	0.379710
Chr13	200000	400000	0.376385
Chr13	400000	600000	0.388045
Chr13	600000	800000	0.372405
Chr13	800000	1000000	0.378875
Chr13	1000000	1200000	0.372985
Chr13	1200000	1400000	0.378170
Chr13	1400000	1600000	0.377080
Chr13	1600000	1800000	0.369460
Chr13	1800000	2000000	0.376910
Chr13	2000000	2200000	0.374500
Chr13	2200000	2400000	0.381595
Chr13	2400000	2600000	0.397400
Chr13	2600000	2800000	0.382965
Chr13	2800000	3000000	0.385300
Chr13	3000000	3200000	0.372645
Chr13	3200000	3400000	0.380285
Chr13	3400000	3600000	0.367990
Chr13	3600000	3800000	0.372325
Chr13	3800000	4000000	0.376945
Chr13	4000000	4200000	0.380880
Chr13	4200000	4400000	0.374850
Chr13	4400000	4600000	0.379240
Chr13	4600000	4800000	0.385355
Chr13	4800000	5000000	0.369560
Chr13	5000000	5200000	0.379610
Chr13	5200000	5400000	0.372510
Chr13	5400000	5600000	0.378760
Chr13	5600000	5800000	0.371890
Chr13	5800000	6000000	0.372480
Chr13	6000000	6200000	0.372605
Chr13	6200000	6400000	0.382475
Chr13	6400000	6600000	0.374210
Chr13	6600000	6800000	0.394785
Chr13	6800000	7000000	0.377595
Chr13	7000000	7200000	0.385780
Chr13	7200000	7400000	0.384495
Chr13	7400000	7600000	0.384885
Chr13	7600000	7800000	0.379955
Chr13	7800000	8000000	0.390270
Chr13	8000000	8200000	0.374620
Chr13	8200000	8400000	0.373535
Chr13	8400000	8600000	0.372955
Chr13	8600000	8800000	0.373245
Chr13	8800000	9000000	0.384025
Chr13	9000000	9200000	0.367355
Chr13	9200000	9400000	0.379805
Chr13	9400000	9600000	0.379025
Chr13	9600000	9800000	0.378685
Chr13	9800000	10000000	0.381390
Chr13	10000000	10200000	0.388080
Chr13	10200000	10400000	0.370560
Chr13	10400000	10600000	0.378465
Chr13	10600000	10800000	0.392510
Chr13	10800000	11000000	0.372185
Chr13	11000000	11200000	0.377715
Chr13	11200000	11400000	0.376750
Chr13	11400000	11600000	0.377680
Chr13	11600000	11800000	0.370410
Chr13	11800000	12000000	0.370645
Chr13	12000000	12200000	0.386910
Chr13	12200000	12400000	0.377775
Chr13	12400000	12600000	0.380930
Chr13	12600000	12800000	0.376770
Chr13	12800000	13000000	0.369305
Chr13	13000000	13200000	0.373340
Chr13	13200000	13400000	0.388830
Chr13	13400000	13600000	0.372725
Chr13	13600000	13800000	0.381095
Chr13	13800000	14000000	0.379675
Chr13	14000000	14200000	0.371320
Chr13	14200000	14400000	0.371195
Chr13	14400000	14600000	0.372330
Chr13	14600000	14800000	0.385080
Chr13	14800000	15000000	0.380650
Chr13	15000000	15200000	0.386265
Chr13	15200000	15400000	0.389020
Chr13	15400000	15600000	0.381290
Chr13	15600000	15800000	0.370340
Chr13	15800000	16000000	0.381185
Chr13	16000000	16200000	0.386610
Chr13	16200000	16400000	0.396895
Chr13	16400000	16600000	0.381610
Chr13	16600000	16800000	0.375020
Chr13	16800000	17000000	0.380245
Chr13	17000000	17200000	0.378870
Chr13	17200000	17400000	0.372910
Chr13	17400000	17600000	0.390030
Chr13	17600000	17800000	0.390880
Chr13	17800000	18000000	0.371395
Chr13	18000000	18200000	0.379945
Chr13	18200000	18400000	0.376520
Chr13	18400000	18600000	0.387775
Chr13	18600000	18800000	0.392650
Chr13	18800000	19000000	0.394305
Chr13	19000000	19200000	0.397575
Chr13	19200000	19400000	0.382625
Chr13	19400000	19600000	0.379540
Chr13	19600000	19800000	0.385590
Chr13	19800000	20000000	0.389855
Chr13	20000000	20200000	0.378835
Chr13	20200000	20400000	0.384035
Chr13	20400000	20600000	0.386190
Chr13	20600000	20800000	0.389290
Chr13	20800000	21000000	0.394470
Chr13	21000000	21200000	0.380595
Chr13	21200000	21400000	0.384230
Chr13	21400000	21600000	0.389805
Chr13	21600000	21800000	0.373965
Chr13	21800000	22000000	0.375965
Chr13	22000000	22200000	0.376690
Chr13	22200000	22400000	0.377505
Chr13	22400000	22600000	0.386815
Chr13	22600000	22800000	0.381030
Chr13	22800000	23000000	0.388900
Chr13	23000000	23200000	0.381000
Chr13	23200000	23400000	0.381105
Chr13	23400000	23600000	0.378145
Chr13	23600000	23800000	0.388500
Chr13	23800000	24000000	0.388525
Chr13	24000000	24200000	0.378945
Chr13	24200000	24400000	0.382340
Chr13	24400000	24600000	0.385100
Chr13	24600000	24800000	0.388535
Chr13	24800000	25000000	0.391570
Chr13	25000000	25200000	0.386480
Chr13	25200000	25400000	0.387055
Chr13	25400000	25600000	0.382045
Chr13	25600000	25800000	0.395665
Chr13	25800000	26000000	0.382870
Chr13	26000000	26200000	0.373815
Chr13	26200000	26400000	0.380170
Chr13	26400000	26600000	0.383870
Chr13	26600000	26800000	0.379180
Chr13	26800000	27000000	0.371825
Chr13	27000000	27200000	0.377025
Chr13	27200000	27400000	0.380325
Chr13	27400000	27600000	0.377670
Chr13	27600000	27800000	0.378165
Chr13	27800000	28000000	0.368940
Chr13	28000000	28200000	0.373030
Chr13	28200000	28400000	0.377500
Chr13	28400000	28600000	0.379640
Chr13	28600000	28800000	0.385290
Chr13	28800000	29000000	0.384390
Chr13	29000000	29200000	0.388405
Chr13	29200000	29400000	0.387325
Chr13	29400000	29600000	0.386360
Chr13	29600000	29800000	0.385970
Chr13	29800000	30000000	0.378510
Chr13	30000000	30200000	0.379970
Chr13	30200000	30400000	0.370220
Chr13	30400000	30600000	0.376215
Chr13	30600000	30800000	0.363850
Chr13	30800000	31000000	0.368970
Chr13	31000000	31200000	0.362060
Chr13	31200000	31400000	0.357470
Chr13	31400000	31600000	0.361195
Chr13	31600000	31800000	0.371565
Chr13	31800000	32000000	0.362415
Chr13	32000000	32200000	0.358305
Chr13	32200000	32400000	0.370625
Chr13	32400000	32600000	0.382450
Chr13	32600000	32800000	0.380795
Chr13	32800000	33000000	0.371320
Chr13	33000000	33200000	0.369015
Chr13	33200000	33400000	0.379140
Chr13	33400000	33600000	0.386725
Chr13	33600000	33800000	0.368270
Chr13	33800000	34000000	0.372530
Chr13	34000000	34200000	0.366580
Chr13	34200000	34400000	0.366735
Chr13	34400000	34600000	0.363735
Chr13	34600000	34800000	0.369890
Chr13	34800000	35000000	0.359245
Chr13	35000000	35200000	0.366220
Chr13	35200000	35400000	0.363415
Chr13	35400000	35600000	0.367745
Chr13	35600000	35800000	0.363835
Chr13	35800000	36000000	0.368125
Chr13	36000000	36200000	0.366685
Chr13	36200000	36400000	0.364880
Chr13	36400000	36600000	0.380735
Chr13	36600000	36800000	0.377455
Chr13	36800000	37000000	0.370090
Chr13	37000000	37200000	0.360535
Chr13	37200000	37400000	0.376880
Chr13	37400000	37600000	0.373280
Chr13	37600000	37800000	0.374790
Chr13	37800000	38000000	0.378930
Chr13	38000000	38200000	0.372835
Chr13	38200000	38400000	0.381740
Chr13	38400000	38600000	0.379005
Chr13	38600000	38800000	0.365505
Chr13	38800000	39000000	0.374210
Chr13	39000000	39200000	0.374560
Chr13	39200000	39400000	0.380185
Chr13	39400000	39600000	0.389660
Chr13	39600000	39800000	0.379915
Chr13	39800000	40000000	0.375495
Chr13	40000000	40200000	0.381120
Chr13	40200000	40400000	0.379845
Chr13	40400000	40600000	0.396195
Chr13	40600000	40800000	0.380275
Chr13	40800000	41000000	0.403580
Chr13	41000000	41200000	0.386835
Chr13	41200000	41400000	0.384620
Chr13	41400000	41600000	0.386475
Chr13	41600000	41800000	0.388005
Chr13	41800000	42000000	0.389150
Chr13	42000000	42200000	0.385745
Chr13	42200000	42400000	0.397520
Chr13	42400000	42600000	0.376010
Chr13	42600000	42800000	0.377605
Chr13	42800000	43000000	0.389690
Chr13	43000000	43197690	0.421898
Chr14	0	200000	0.393780
Chr14	200000	400000	0.382800
Chr14	400000	600000	0.389540
Chr14	600000	800000	0.380540
Chr14	800000	1000000	0.386695
Chr14	1000000	1200000	0.372500
Chr14	1200000	1400000	0.375770
Chr14	1400000	1600000	0.375420
Chr14	1600000	1800000	0.382145
Chr14	1800000	2000000	0.377640
Chr14	2000000	2200000	0.384585
Chr14	2200000	2400000	0.386305
Chr14	2400000	2600000	0.374415
Chr14	2600000	2800000	0.374900
Chr14	2800000	3000000	0.375180
Chr14	3000000	3200000	0.371750
Chr14	3200000	3400000	0.379075
Chr14	3400000	3600000	0.367445
Chr14	3600000	3800000	0.370950
Chr14	3800000	4000000	0.371810
Chr14	4000000	4200000	0.377785
Chr14	4200000	4400000	0.367455
Chr14	4400000	4600000	0.382660
Chr14	4600000	4800000	0.376575
Chr14	4800000	5000000	0.384460
Chr14	5000000	5200000	0.374825
Chr14	5200000	5400000	0.371685
Chr14	5400000	5600000	0.370025
Chr14	5600000	5800000	0.392360
Chr14	5800000	6000000	0.382460
Chr14	6000000	6200000	0.376390
Chr14	6200000	6400000	0.380700
Chr14	6400000	6600000	0.370345
Chr14	6600000	6800000	0.373995
Chr14	6800000	7000000	0.393270
Chr14	7000000	7200000	0.396355
Chr14	7200000	7400000	0.391070
Chr14	7400000	7600000	0.382470
Chr14	7600000	7800000	0.373560
Chr14	7800000	8000000	0.377965
Chr14	8000000	8200000	0.385145
Chr14	8200000	8400000	0.373195
Chr14	8400000	8600000	0.379840
Chr14	8600000	8800000	0.382345
Chr14	8800000	9000000	0.374275
Chr14	9000000	9200000	0.385075
Chr14	9200000	9400000	0.379950
Chr14	9400000	9600000	0.370450
Chr14	9600000	9800000	0.384530
Chr14	9800000	10000000	0.385705
Chr14	10000000	10200000	0.392935
Chr14	10200000	10400000	0.377015
Chr14	10400000	10600000	0.381505
Chr14	10600000	10800000	0.375920
Chr14	10800000	11000000	0.372180
Chr14	11000000	11200000	0.373225
Chr14	11200000	11400000	0.366055
Chr14	11400000	11600000	0.383785
Chr14	11600000	11800000	0.372295
Chr14	11800000	12000000	0.368115
Chr14	12000000	12200000	0.372530
Chr14	12200000	12400000	0.382245
Chr14	12400000	12600000	0.359240
Chr14	12600000	12800000	0.380640
Chr14	12800000	13000000	0.370275
Chr14	13000000	13200000	0.370565
Chr14	13200000	13400000	0.372675
Chr14	13400000	13600000	0.385565
Chr14	13600000	13800000	0.381905
Chr14	13800000	14000000	0.388960
Chr14	14000000	14200000	0.393125
Chr14	14200000	14400000	0.389995
Chr14	14400000	14600000	0.387035
Chr14	14600000	14800000	0.377135
Chr14	14800000	15000000	0.369795
Chr14	15000000	15200000	0.369470
Chr14	15200000	15400000	0.362615
Chr14	15400000	15600000	0.373540
Chr14	15600000	15800000	0.378220
Chr14	15800000	16000000	0.379320
Chr14	16000000	16200000	0.381625
Chr14	16200000	16400000	0.388030
Chr14	16400000	16600000	0.384615
Chr14	16600000	16800000	0.367660
Chr14	16800000	17000000	0.381850
Chr14	17000000	17200000	0.378955
Chr14	17200000	17400000	0.388500
Chr14	17400000	17600000	0.373160
Chr14	17600000	17800000	0.388825
Chr14	17800000	18000000	0.386830
Chr14	18000000	18200000	0.377375
Chr14	18200000	18400000	0.377310
Chr14	18400000	18600000	0.388755
Chr14	18600000	18800000	0.389470
Chr14	18800000	19000000	0.384695
Chr14	19000000	19200000	0.378115
Chr14	19200000	19400000	0.393540
Chr14	19400000	19600000	0.376685
Chr14	19600000	19800000	0.392055
Chr14	19800000	20000000	0.386450
Chr14	20000000	20200000	0.389485
Chr14	20200000	20400000	0.370810
Chr14	20400000	20600000	0.380790
Chr14	20600000	20800000	0.395035
Chr14	20800000	21000000	0.380570
Chr14	21000000	21200000	0.375280
Chr14	21200000	21400000	0.370605
Chr14	21400000	21600000	0.380730
Chr14	21600000	21800000	0.378905
Chr14	21800000	22000000	0.391310
Chr14	22000000	22200000	0.388670
Chr14	22200000	22400000	0.372450
Chr14	22400000	22600000	0.382855
Chr14	22600000	22800000	0.379210
Chr14	22800000	23000000	0.388860
Chr14	23000000	23200000	0.381105
Chr14	23200000	23400000	0.370695
Chr14	23400000	23600000	0.397460
Chr14	23600000	23800000	0.378460
Chr14	23800000	24000000	0.372725
Chr14	24000000	24200000	0.387760
Chr14	24200000	24400000	0.366915
Chr14	24400000	24600000	0.378110
Chr14	24600000	24800000	0.378720
Chr14	24800000	25000000	0.374595
Chr14	25000000	25200000	0.382470
Chr14	25200000	25400000	0.384630
Chr14	25400000	25600000	0.391710
Chr14	25600000	25800000	0.389205
Chr14	25800000	26000000	0.383280
Chr14	26000000	26200000	0.383695
Chr14	26200000	26400000	0.377790
Chr14	26400000	26600000	0.390555
Chr14	26600000	26800000	0.377330
Chr14	26800000	27000000	0.379790
Chr14	27000000	27200000	0.376620
Chr14	27200000	27400000	0.376195
Chr14	27400000	27600000	0.380150
Chr14	27600000	27800000	0.380515
Chr14	27800000	28000000	0.376335
Chr14	28000000	28200000	0.373820
Chr14	28200000	28400000	0.383080
Chr14	28400000	28600000	0.374045
Chr14	28600000	28800000	0.370050
Chr14	28800000	29000000	0.378735
Chr14	29000000	29200000	0.387195
Chr14	29200000	29400000	0.389770
Chr14	29400000	29600000	0.365155
Chr14	29600000	29800000	0.378545
Chr14	29800000	30000000	0.381655
Chr14	30000000	30200000	0.387240
Chr14	30200000	30400000	0.369390
Chr14	30400000	30600000	0.377500
Chr14	30600000	30800000	0.377445
Chr14	30800000	31000000	0.388250
Chr14	31000000	31200000	0.373480
Chr14	31200000	31400000	0.388840
Chr14	31400000	31600000	0.371760
Chr14	31600000	31800000	0.383585
Chr14	31800000	32000000	0.373600
Chr14	32000000	32136955	0.382272
Chr15	0	200000	0.389315
Chr15	200000	400000	0.380820
Chr15	400000	600000	0.384200
Chr15	600000	800000	0.375080
Chr15	800000	1000000	0.389330
Chr15	1000000	1200000	0.379115
Chr15	1200000	1400000	0.372745
Chr15	1400000	1600000	0.380495
Chr15	1600000	1800000	0.380965
Chr15	1800000	2000000	0.376050
Chr15	2000000	2200000	0.373995
Chr15	2200000	2400000	0.373765
Chr15	2400000	2600000	0.369905
Chr15	2600000	2800000	0.379310
Chr15	2800000	3000000	0.360520
Chr15	3000000	3200000	0.376370
Chr15	3200000	3400000	0.374680
Chr15	3400000	3600000	0.389080
Chr15	3600000	3800000	0.396205
Chr15	3800000	4000000	0.374570
Chr15	4000000	4200000	0.360395
Chr15	4200000	4400000	0.371955
Chr15	4400000	4600000	0.381825
Chr15	4600000	4800000	0.390550
Chr15	4800000	5000000	0.377480
Chr15	5000000	5200000	0.378515
Chr15	5200000	5400000	0.368745
Chr15	5400000	5600000	0.374285
Chr15	5600000	5800000	0.369245
Chr15	5800000	6000000	0.386105
Chr15	6000000	6200000	0.371335
Chr15	6200000	6400000	0.374945
Chr15	6400000	6600000	0.381965
Chr15	6600000	6800000	0.367805
Chr15	6800000	7000000	0.383705
Chr15	7000000	7200000	0.372485
Chr15	7200000	7400000	0.377675
Chr15	7400000	7600000	0.377920
Chr15	7600000	7800000	0.364880
Chr15	7800000	8000000	0.372300
Chr15	8000000	8200000	0.375030
Chr15	8200000	8400000	0.370645
Chr15	8400000	8600000	0.384625
Chr15	8600000	8800000	0.375450
Chr15	8800000	9000000	0.361230
Chr15	9000000	9200000	0.375015
Chr15	9200000	9400000	0.373905
Chr15	9400000	9600000	0.378455
Chr15	9600000	9800000	0.385920
Chr15	9800000	10000000	0.378025
Chr15	10000000	10200000	0.385935
Chr15	10200000	10400000	0.373665
Chr15	10400000	10600000	0.381800
Chr15	10600000	10800000	0.395675
Chr15	10800000	11000000	0.369865
Chr15	11000000	11200000	0.384215
Chr15	11200000	11400000	0.377670
Chr15	11400000	11600000	0.379185
Chr15	11600000	11800000	0.380650
Chr15	11800000	12000000	0.372845
Chr15	12000000	12200000	0.379770
Chr15	12200000	12400000	0.376205
Chr15	12400000	12600000	0.383200
Chr15	12600000	12800000	0.380345
Chr15	12800000	13000000	0.377860
Chr15	13000000	13200000	0.377535
Chr15	13200000	13400000	0.372910
Chr15	13400000	13600000	0.374420
Chr15	13600000	13800000	0.377095
Chr15	13800000	14000000	0.375905
Chr15	14000000	14200000	0.369455
Chr15	14200000	14400000	0.391520
Chr15	14400000	14600000	0.367850
Chr15	14600000	14800000	0.385465
Chr15	14800000	15000000	0.386275
Chr15	15000000	15200000	0.373195
Chr15	15200000	15400000	0.385515
Chr15	15400000	15600000	0.387395
Chr15	15600000	15800000	0.372590
Chr15	15800000	16000000	0.387460
Chr15	16000000	16200000	0.389605
Chr15	16200000	16400000	0.376485
Chr15	16400000	16600000	0.380970
Chr15	16600000	16800000	0.386010
Chr15	16800000	17000000	0.381365
Chr15	17000000	17200000	0.373250
Chr15	17200000	17400000	0.393070
Chr15	17400000	17600000	0.392740
Chr15	17600000	17800000	0.385485
Chr15	17800000	18000000	0.383000
Chr15	18000000	18200000	0.394350
Chr15	18200000	18400000	0.383875
Chr15	18400000	18600000	0.378800
Chr15	18600000	18800000	0.382860
Chr15	18800000	19000000	0.398700
Chr15	19000000	19200000	0.379500
Chr15	19200000	19400000	0.368580
Chr15	19400000	19600000	0.389885
Chr15	19600000	19800000	0.392340
Chr15	19800000	20000000	0.380005
Chr15	20000000	20200000	0.382195
Chr15	20200000	20400000	0.372710
Chr15	20400000	20600000	0.371920
Chr15	20600000	20800000	0.387265
Chr15	20800000	21000000	0.372425
Chr15	21000000	21200000	0.390070
Chr15	21200000	21400000	0.377990
Chr15	21400000	21600000	0.376545
Chr15	21600000	21800000	0.382000
Chr15	21800000	22000000	0.383490
Chr15	22000000	22200000	0.370995
Chr15	22200000	22400000	0.382445
Chr15	22400000	22600000	0.390025
Chr15	22600000	22800000	0.392270
Chr15	22800000	23000000	0.370295
Chr15	23000000	23200000	0.386230
Chr15	23200000	23400000	0.396175
Chr15	23400000	23600000	0.380320
Chr15	23600000	23800000	0.376120
Chr15	23800000	24000000	0.392720
Chr15	24000000	24200000	0.378535
Chr15	24200000	24400000	0.396890
Chr15	24400000	24600000	0.370405
Chr15	24600000	24800000	0.377905
Chr15	24800000	25000000	0.373525
Chr15	25000000	25200000	0.372220
Chr15	25200000	25400000	0.382040
Chr15	25400000	25600000	0.380325
Chr15	25600000	25800000	0.385655
Chr15	25800000	26000000	0.382695
Chr15	26000000	26200000	0.372610
Chr15	26200000	26400000	0.384795
Chr15	26400000	26600000	0.379855
Chr15	26600000	26800000	0.393925
Chr15	26800000	27000000	0.384015
Chr15	27000000	27200000	0.378755
Chr15	27200000	27400000	0.368200
Chr15	27400000	27600000	0.385865
Chr15	27600000	27800000	0.377195
Chr15	27800000	28000000	0.386270
Chr15	28000000	28200000	0.387080
Chr15	28200000	28400000	0.379880
Chr15	28400000	28600000	0.372010
Chr15	28600000	28800000	0.384085
Chr15	28800000	29000000	0.380105
Chr15	29000000	29200000	0.386695
Chr15	29200000	29400000	0.380985
Chr15	29400000	29600000	0.380140
Chr15	29600000	29800000	0.388450
Chr15	29800000	30000000	0.388730
Chr15	30000000	30200000	0.373510
Chr15	30200000	30400000	0.385180
Chr15	30400000	30600000	0.388210
Chr15	30600000	30800000	0.372175
Chr15	30800000	31000000	0.387100
Chr15	31000000	31200000	0.381050
Chr15	31200000	31400000	0.383080
Chr15	31400000	31600000	0.381565
Chr15	31600000	31800000	0.381000
Chr15	31800000	32000000	0.368745
Chr15	32000000	32200000	0.381080
Chr15	32200000	32400000	0.368040
Chr15	32400000	32600000	0.376775
Chr15	32600000	32800000	0.380300
Chr15	32800000	33000000	0.384865
Chr15	33000000	33200000	0.387585
Chr15	33200000	33400000	0.380700
Chr15	33400000	33600000	0.384235
Chr15	33600000	33800000	0.382985
Chr15	33800000	34000000	0.381160
Chr15	34000000	34200000	0.364760
Chr15	34200000	34400000	0.375075
Chr15	34400000	34600000	0.380565
Chr15	34600000	34800000	0.378415
Chr15	34800000	35000000	0.374080
Chr15	35000000	35200000	0.380650
Chr15	35200000	35400000	0.374860
Chr15	35400000	35600000	0.377380
Chr15	35600000	35800000	0.379260
Chr15	35800000	36000000	0.387295
Chr15	36000000	36200000	0.376115
Chr15	36200000	36400000	0.376155
Chr15	36400000	36600000	0.390805
Chr15	36600000	36800000	0.374125
Chr15	36800000	37000000	0.385575
Chr15	37000000	37200000	0.381465
Chr15	37200000	37400000	0.379515
Chr15	37400000	37600000	0.385560
Chr15	37600000	37800000	0.375730
Chr15	37800000	38000000	0.382460
Chr15	38000000	38200000	0.379695
Chr15	38200000	38400000	0.395055
Chr15	38400000	38600000	0.372955
Chr15	38600000	38800000	0.377385
Chr15	38800000	39000000	0.381965
Chr15	39000000	39200000	0.376745
Chr15	39200000	39400000	0.375070
Chr15	39400000	39600000	0.380435
Chr15	39600000	39800000	0.391265
Chr15	39800000	40000000	0.387195
Chr15	40000000	40200000	0.380540
Chr15	40200000	40400000	0.368640
Chr15	40400000	40600000	0.378530
Chr15	40600000	40800000	0.383455
Chr15	40800000	41000000	0.377885
Chr15	41000000	41200000	0.391005
Chr15	41200000	41400000	0.377045
Chr15	41400000	41600000	0.369560
Chr15	41600000	41800000	0.386020
Chr15	41800000	42000000	0.388615
Chr15	42000000	42200000	0.376565
Chr15	42200000	42400000	0.379125
Chr15	42400000	42600000	0.378310
Chr15	42600000	42800000	0.377065
Chr15	42800000	43000000	0.386655
Chr15	43000000	43200000	0.384115
Chr15	43200000	43400000	0.388000
Chr15	43400000	43600000	0.380995
Chr15	43600000	43800000	0.371250
Chr15	43800000	44000000	0.378670
Chr15	44000000	44200000	0.389705
Chr15	44200000	44400000	0.382730
Chr15	44400000	44600000	0.366305
Chr15	44600000	44800000	0.390260
Chr15	44800000	45000000	0.376675
Chr15	45000000	45200000	0.376755
Chr15	45200000	45400000	0.388375
Chr15	45400000	45600000	0.366960
Chr15	45600000	45800000	0.380385
Chr15	45800000	46000000	0.390780
Chr15	46000000	46200000	0.387480
Chr15	46200000	46400000	0.372665
Chr15	46400000	46600000	0.387820
Chr15	46600000	46800000	0.378815
Chr15	46800000	47000000	0.382585
Chr15	47000000	47200000	0.383630
Chr15	47200000	47400000	0.392180
Chr15	47400000	47600000	0.375900
Chr15	47600000	47800000	0.394415
Chr15	47800000	48000000	0.377660
Chr15	48000000	48200000	0.382620
Chr15	48200000	48400000	0.383225
Chr15	48400000	48600000	0.370150
Chr15	48600000	48800000	0.383770
Chr15	48800000	49000000	0.389255
Chr15	49000000	49200000	0.389425
Chr15	49200000	49400000	0.387035
Chr15	49400000	49422898	0.429120
Chr16	0	200000	0.386430
Chr16	200000	400000	0.389975
Chr16	400000	600000	0.380170
Chr16	600000	800000	0.376560
Chr16	800000	1000000	0.369240
Chr16	1000000	1200000	0.385920
Chr16	1200000	1400000	0.380245
Chr16	1400000	1600000	0.383160
Chr16	1600000	1800000	0.394780
Chr16	1800000	2000000	0.374610
Chr16	2000000	2200000	0.376475
Chr16	2200000	2400000	0.380835
Chr16	2400000	2600000	0.383440
Chr16	2600000	2800000	0.377445
Chr16	2800000	3000000	0.377510
Chr16	3000000	3200000	0.374895
Chr16	3200000	3400000	0.387435
Chr16	3400000	3600000	0.373165
Chr16	3600000	3800000	0.385275
Chr16	3800000	4000000	0.372385
Chr16	4000000	4200000	0.387985
Chr16	4200000	4400000	0.377305
Chr16	4400000	4600000	0.386620
Chr16	4600000	4800000	0.379580
Chr16	4800000	5000000	0.367775
Chr16	5000000	5200000	0.373035
Chr16	5200000	5400000	0.380650
Chr16	5400000	5600000	0.374700
Chr16	5600000	5800000	0.377800
Chr16	5800000	6000000	0.367130
Chr16	6000000	6200000	0.383315
Chr16	6200000	6400000	0.378680
Chr16	6400000	6600000	0.368510
Chr16	6600000	6800000	0.385580
Chr16	6800000	7000000	0.376880
Chr16	7000000	7200000	0.397280
Chr16	7200000	7400000	0.388820
Chr16	7400000	7600000	0.385290
Chr16	7600000	7800000	0.384500
Chr16	7800000	8000000	0.362635
Chr16	8000000	8200000	0.388370
Chr16	8200000	8400000	0.382380
Chr16	8400000	8600000	0.373650
Chr16	8600000	8800000	0.372990
Chr16	8800000	9000000	0.366390
Chr16	9000000	9200000	0.380095
Chr16	9200000	9400000	0.366310
Chr16	9400000	9600000	0.384260
Chr16	9600000	9800000	0.377040
Chr16	9800000	10000000	0.380340
Chr16	10000000	10200000	0.380610
Chr16	10200000	10400000	0.379150
Chr16	10400000	10600000	0.367210
Chr16	10600000	10800000	0.378420
Chr16	10800000	11000000	0.387420
Chr16	11000000	11200000	0.381785
Chr16	11200000	11400000	0.392610
Chr16	11400000	11600000	0.381115
Chr16	11600000	11800000	0.379500
Chr16	11800000	12000000	0.366480
Chr16	12000000	12200000	0.385010
Chr16	12200000	12400000	0.396540
Chr16	12400000	12600000	0.378080
Chr16	12600000	12800000	0.383555
Chr16	12800000	13000000	0.384575
Chr16	13000000	13200000	0.382255
Chr16	13200000	13400000	0.374565
Chr16	13400000	13600000	0.378975
Chr16	13600000	13800000	0.390145
Chr16	13800000	14000000	0.392125
Chr16	14000000	14200000	0.377370
Chr16	14200000	14400000	0.374415
Chr16	14400000	14600000	0.375860
Chr16	14600000	14800000	0.391855
Chr16	14800000	15000000	0.376375
Chr16	15000000	15200000	0.380710
Chr16	15200000	15400000	0.379645
Chr16	15400000	15600000	0.378345
Chr16	15600000	15800000	0.380855
Chr16	15800000	16000000	0.368435
Chr16	16000000	16200000	0.388680
Chr16	16200000	16400000	0.382225
Chr16	16400000	16600000	0.387060
Chr16	16600000	16800000	0.398390
Chr16	16800000	17000000	0.370105
Chr16	17000000	17200000	0.388565
Chr16	17200000	17400000	0.371595
Chr16	17400000	17600000	0.373480
Chr16	17600000	17800000	0.379415
Chr16	17800000	18000000	0.377045
Chr16	18000000	18200000	0.393935
Chr16	18200000	18400000	0.392340
Chr16	18400000	18600000	0.377370
Chr16	18600000	18800000	0.393540
Chr16	18800000	19000000	0.399265
Chr16	19000000	19200000	0.390400
Chr16	19200000	19400000	0.393090
Chr16	19400000	19600000	0.391360
Chr16	19600000	19800000	0.383390
Chr16	19800000	20000000	0.386060
Chr16	20000000	20200000	0.391250
Chr16	20200000	20400000	0.384695
Chr16	20400000	20600000	0.394560
Chr16	20600000	20800000	0.376245
Chr16	20800000	21000000	0.383990
Chr16	21000000	21200000	0.389535
Chr16	21200000	21400000	0.380765
Chr16	21400000	21600000	0.380340
Chr16	21600000	21800000	0.380045
Chr16	21800000	22000000	0.382580
Chr16	22000000	22200000	0.360195
Chr16	22200000	22400000	0.386480
Chr16	22400000	22600000	0.388195
Chr16	22600000	22800000	0.376945
Chr16	22800000	23000000	0.373710
Chr16	23000000	23200000	0.389765
Chr16	23200000	23400000	0.376060
Chr16	23400000	23600000	0.379915
Chr16	23600000	23800000	0.373860
Chr16	23800000	24000000	0.379360
Chr16	24000000	24200000	0.385480
Chr16	24200000	24400000	0.380110
Chr16	24400000	24600000	0.387960
Chr16	24600000	24800000	0.381160
Chr16	24800000	25000000	0.378175
Chr16	25000000	25200000	0.376035
Chr16	25200000	25400000	0.383410
Chr16	25400000	25600000	0.378800
Chr16	25600000	25800000	0.382850
Chr16	25800000	26000000	0.382400
Chr16	26000000	26200000	0.372830
Chr16	26200000	26400000	0.375550
Chr16	26400000	26600000	0.377995
Chr16	26600000	26800000	0.380905
Chr16	26800000	27000000	0.377675
Chr16	27000000	27200000	0.385615
Chr16	27200000	27400000	0.390165
Chr16	27400000	27600000	0.381985
Chr16	27600000	27800000	0.382750
Chr16	27800000	28000000	0.369835
Chr16	28000000	28200000	0.370275
Chr16	28200000	28400000	0.367895
Chr16	28400000	28600000	0.362020
Chr16	28600000	28800000	0.360780
Chr16	28800000	29000000	0.381395
Chr16	29000000	29200000	0.382390
Chr16	29200000	29400000	0.378120
Chr16	29400000	29600000	0.380015
Chr16	29600000	29800000	0.375220
Chr16	29800000	30000000	0.378975
Chr16	30000000	30200000	0.386400
Chr16	30200000	30400000	0.389650
Chr16	30400000	30600000	0.378660
Chr16	30600000	30800000	0.372465
Chr16	30800000	31000000	0.393915
Chr16	31000000	31200000	0.383775
Chr16	31200000	31400000	0.385005
Chr16	31400000	31600000	0.389490
Chr16	31600000	31800000	0.396000
Chr16	31800000	32000000	0.396655
Chr16	32000000	32200000	0.390520
Chr16	32200000	32400000	0.382805
Chr16	32400000	32600000	0.382050
Chr16	32600000	32800000	0.391950
Chr16	32800000	33000000	0.395720
Chr16	33000000	33200000	0.385590
Chr16	33200000	33400000	0.382945
Chr16	33400000	33600000	0.397385
Chr16	33600000	33800000	0.385815
Chr16	33800000	34000000	0.394305
Chr16	34000000	34200000	0.388145
Chr16	34200000	34400000	0.388235
Chr16	34400000	34600000	0.384095
Chr16	34600000	34800000	0.388655
Chr16	34800000	35000000	0.389400
Chr16	35000000	35200000	0.374380
Chr16	35200000	35400000	0.393535
Chr16	35400000	35600000	0.397340
Chr16	35600000	35800000	0.391970
Chr16	35800000	36000000	0.385360
Chr16	36000000	36200000	0.390125
Chr16	36200000	36400000	0.385570
Chr16	36400000	36480970	0.420847
Chr17	0	200000	0.386310
Chr17	200000	400000	0.372950
Chr17	400000	600000	0.372240
Chr17	600000	800000	0.392460
Chr17	800000	1000000	0.383525
Chr17	1000000	1200000	0.382890
Chr17	1200000	1400000	0.390425
Chr17	1400000	1600000	0.395445
Chr17	1600000	1800000	0.369485
Chr17	1800000	2000000	0.385490
Chr17	2000000	2200000	0.379100
Chr17	2200000	2400000	0.388555
Chr17	2400000	2600000	0.392415
Chr17	2600000	2800000	0.383530
Chr17	2800000	3000000	0.375850
Chr17	3000000	3200000	0.380640
Chr17	3200000	3400000	0.381645
Chr17	3400000	3600000	0.374755
Chr17	3600000	3800000	0.383995
Chr17	3800000	4000000	0.373655
Chr17	4000000	4200000	0.378915
Chr17	4200000	4400000	0.389955
Chr17	4400000	4600000	0.397235
Chr17	4600000	4800000	0.386405
Chr17	4800000	5000000	0.384915
Chr17	5000000	5200000	0.367665
Chr17	5200000	5400000	0.393715
Chr17	5400000	5600000	0.380965
Chr17	5600000	5800000	0.371820
Chr17	5800000	6000000	0.376290
Chr17	6000000	6200000	0.382215
Chr17	6200000	6400000	0.367225
Chr17	6400000	6600000	0.371220
Chr17	6600000	6800000	0.372605
Chr17	6800000	7000000	0.381215
Chr17	7000000	7200000	0.379385
Chr17	7200000	7400000	0.379090
Chr17	7400000	7600000	0.376390
Chr17	7600000	7800000	0.373355
Chr17	7800000	8000000	0.369200
Chr17	8000000	8200000	0.373770
Chr17	8200000	8400000	0.375510
Chr17	8400000	8600000	0.378085
Chr17	8600000	8800000	0.377990
Chr17	8800000	9000000	0.372310
Chr17	9000000	9200000	0.373190
Chr17	9200000	9400000	0.373395
Chr17	9400000	9600000	0.378520
Chr17	9600000	9800000	0.373095
Chr17	9800000	10000000	0.368850
Chr17	10000000	10200000	0.374410
Chr17	10200000	10400000	0.392710
Chr17	10400000	10600000	0.380430
Chr17	10600000	10800000	0.383070
Chr17	10800000	11000000	0.375970
Chr17	11000000	11200000	0.377900
Chr17	11200000	11400000	0.375110
Chr17	11400000	11600000	0.385675
Chr17	11600000	11800000	0.370525
Chr17	11800000	12000000	0.373040
Chr17	12000000	12200000	0.390410
Chr17	12200000	12400000	0.376575
Chr17	12400000	12600000	0.380790
Chr17	12600000	12800000	0.372435
Chr17	12800000	13000000	0.384005
Chr17	13000000	13200000	0.384080
Chr17	13200000	13400000	0.383195
Chr17	13400000	13600000	0.375825
Chr17	13600000	13800000	0.388995
Chr17	13800000	14000000	0.387295
Chr17	14000000	14200000	0.390835
Chr17	14200000	14400000	0.383740
Chr17	14400000	14600000	0.375925
Chr17	14600000	14800000	0.382685
Chr17	14800000	15000000	0.377055
Chr17	15000000	15200000	0.383650
Chr17	15200000	15400000	0.385310
Chr17	15400000	15600000	0.381315
Chr17	15600000	15800000	0.381460
Chr17	15800000	16000000	0.395900
Chr17	16000000	16200000	0.386850
Chr17	16200000	16400000	0.385335
Chr17	16400000	16600000	0.374940
Chr17	16600000	16800000	0.379755
Chr17	16800000	17000000	0.373180
Chr17	17000000	17200000	0.379955
Chr17	17200000	17400000	0.368860
Chr17	17400000	17600000	0.371400
Chr17	17600000	17800000	0.368880
Chr17	17800000	18000000	0.368695
Chr17	18000000	18200000	0.374575
Chr17	18200000	18400000	0.380905
Chr17	18400000	18600000	0.385195
Chr17	18600000	18800000	0.385455
Chr17	18800000	19000000	0.388425
Chr17	19000000	19200000	0.383965
Chr17	19200000	19400000	0.385580
Chr17	19400000	19600000	0.375770
Chr17	19600000	19800000	0.368590
Chr17	19800000	20000000	0.369715
Chr17	20000000	20200000	0.379345
Chr17	20200000	20400000	0.363115
Chr17	20400000	20600000	0.378725
Chr17	20600000	20800000	0.376090
Chr17	20800000	21000000	0.380990
Chr17	21000000	21200000	0.383140
Chr17	21200000	21400000	0.371360
Chr17	21400000	21600000	0.367400
Chr17	21600000	21800000	0.376380
Chr17	21800000	22000000	0.380465
Chr17	22000000	22200000	0.379720
Chr17	22200000	22400000	0.393225
Chr17	22400000	22600000	0.384080
Chr17	22600000	22800000	0.388935
Chr17	22800000	23000000	0.380380
Chr17	23000000	23200000	0.377690
Chr17	23200000	23400000	0.382770
Chr17	23400000	23600000	0.373025
Chr17	23600000	23800000	0.382965
Chr17	23800000	24000000	0.377560
Chr17	24000000	24200000	0.379750
Chr17	24200000	24400000	0.374675
Chr17	24400000	24600000	0.386165
Chr17	24600000	24800000	0.375330
Chr17	24800000	25000000	0.374490
Chr17	25000000	25200000	0.373610
Chr17	25200000	25400000	0.379145
Chr17	25400000	25600000	0.390260
Chr17	25600000	25800000	0.367195
Chr17	25800000	26000000	0.378665
Chr17	26000000	26200000	0.379420
Chr17	26200000	26400000	0.386380
Chr17	26400000	26600000	0.385010
Chr17	26600000	26800000	0.373245
Chr17	26800000	27000000	0.373370
Chr17	27000000	27200000	0.377095
Chr17	27200000	27400000	0.384055
Chr17	27400000	27600000	0.387405
Chr17	27600000	27800000	0.386370
Chr17	27800000	28000000	0.380350
Chr17	28000000	28200000	0.380505
Chr17	28200000	28400000	0.388145
Chr17	28400000	28600000	0.379425
Chr17	28600000	28800000	0.385930
Chr17	28800000	29000000	0.369420
Chr17	29000000	29200000	0.382205
Chr17	29200000	29400000	0.389345
Chr17	29400000	29600000	0.382765
Chr17	29600000	29800000	0.396305
Chr17	29800000	30000000	0.380595
Chr17	30000000	30200000	0.383115
Chr17	30200000	30400000	0.397015
Chr17	30400000	30600000	0.375875
Chr17	30600000	30800000	0.379075
Chr17	30800000	31000000	0.362450
Chr17	31000000	31200000	0.375840
Chr17	31200000	31400000	0.379520
Chr17	31400000	31600000	0.386275
Chr17	31600000	31800000	0.372485
Chr17	31800000	32000000	0.374380
Chr17	32000000	32200000	0.382940
Chr17	32200000	32400000	0.402760
Chr17	32400000	32600000	0.370525
Chr17	32600000	32800000	0.387390
Chr17	32800000	33000000	0.398260
Chr17	33000000	33200000	0.377200
Chr17	33200000	33400000	0.367845
Chr17	33400000	33600000	0.395465
Chr17	33600000	33800000	0.376100
Chr17	33800000	34000000	0.387815
Chr17	34000000	34200000	0.377060
Chr17	34200000	34400000	0.388900
Chr17	34400000	34479775	0.395989
