Chr1	0	200000	5
Chr1	200000	400000	3
Chr1	400000	600000	8
Chr1	600000	800000	11
Chr1	800000	1000000	5
Chr1	1000000	1200000	4
Chr1	1200000	1400000	7
Chr1	1400000	1600000	2
Chr1	1600000	1800000	5
Chr1	1800000	2000000	6
Chr1	2000000	2200000	3
Chr1	2200000	2400000	3
Chr1	2400000	2600000	8
Chr1	2600000	2800000	3
Chr1	2800000	3000000	3
Chr1	3000000	3200000	1
Chr1	3200000	3400000	1
Chr1	3400000	3600000	0
Chr1	3600000	3800000	0
Chr1	3800000	4000000	3
Chr1	4000000	4200000	1
Chr1	4200000	4400000	1
Chr1	4400000	4600000	5
Chr1	4600000	4800000	14
Chr1	4800000	5000000	7
Chr1	5000000	5200000	16
Chr1	5200000	5400000	4
Chr1	5400000	5600000	6
Chr1	5600000	5800000	8
Chr1	5800000	6000000	15
Chr1	6000000	6200000	6
Chr1	6200000	6400000	6
Chr1	6400000	6600000	9
Chr1	6600000	6800000	9
Chr1	6800000	7000000	19
Chr1	7000000	7200000	8
Chr1	7200000	7400000	14
Chr1	7400000	7600000	13
Chr1	7600000	7800000	7
Chr1	7800000	8000000	16
Chr1	8000000	8200000	9
Chr1	8200000	8400000	8
Chr1	8400000	8600000	14
Chr1	8600000	8800000	11
Chr1	8800000	9000000	8
Chr1	9000000	9200000	16
Chr1	9200000	9400000	11
Chr1	9400000	9600000	11
Chr1	9600000	9800000	14
Chr1	9800000	10000000	12
Chr1	10000000	10200000	14
Chr1	10200000	10400000	13
Chr1	10400000	10600000	13
Chr1	10600000	10800000	12
Chr1	10800000	11000000	14
Chr1	11000000	11200000	17
Chr1	11200000	11400000	14
Chr1	11400000	11600000	15
Chr1	11600000	11800000	12
Chr1	11800000	12000000	12
Chr1	12000000	12200000	9
Chr1	12200000	12400000	20
Chr1	12400000	12600000	18
Chr1	12600000	12800000	20
Chr1	12800000	13000000	16
Chr1	13000000	13200000	9
Chr1	13200000	13400000	21
Chr1	13400000	13600000	15
Chr1	13600000	13800000	16
Chr1	13800000	14000000	16
Chr1	14000000	14200000	18
Chr1	14200000	14400000	16
Chr1	14400000	14600000	19
Chr1	14600000	14800000	17
Chr1	14800000	15000000	22
Chr1	15000000	15200000	19
Chr1	15200000	15400000	19
Chr1	15400000	15600000	13
Chr1	15600000	15800000	14
Chr1	15800000	16000000	13
Chr1	16000000	16200000	14
Chr1	16200000	16400000	12
Chr1	16400000	16600000	18
Chr1	16600000	16800000	19
Chr1	16800000	17000000	27
Chr1	17000000	17200000	19
Chr1	17200000	17400000	16
Chr1	17400000	17600000	17
Chr1	17600000	17800000	17
Chr1	17800000	18000000	19
Chr1	18000000	18200000	30
Chr1	18200000	18400000	25
Chr1	18400000	18600000	22
Chr1	18600000	18800000	26
Chr1	18800000	19000000	21
Chr1	19000000	19200000	19
Chr1	19200000	19400000	22
Chr1	19400000	19600000	12
Chr1	19600000	19800000	24
Chr1	19800000	20000000	21
Chr1	20000000	20200000	25
Chr1	20200000	20400000	23
Chr1	20400000	20600000	23
Chr1	20600000	20800000	25
Chr1	20800000	21000000	19
Chr1	21000000	21200000	21
Chr1	21200000	21400000	29
Chr1	21400000	21600000	30
Chr1	21600000	21800000	24
Chr1	21800000	22000000	20
Chr1	22000000	22200000	21
Chr1	22200000	22400000	32
Chr1	22400000	22600000	17
Chr1	22600000	22800000	31
Chr1	22800000	23000000	29
Chr1	23000000	23200000	26
Chr1	23200000	23400000	19
Chr1	23400000	23600000	29
Chr1	23600000	23800000	21
Chr1	23800000	24000000	18
Chr1	24000000	24200000	13
Chr1	24200000	24400000	16
Chr1	24400000	24600000	20
Chr1	24600000	24800000	33
Chr1	24800000	25000000	28
Chr1	25000000	25200000	23
Chr1	25200000	25400000	34
Chr1	25400000	25600000	25
Chr1	25600000	25800000	22
Chr1	25800000	26000000	13
Chr1	26000000	26200000	27
Chr1	26200000	26400000	17
Chr1	26400000	26600000	25
Chr1	26600000	26800000	23
Chr1	26800000	27000000	24
Chr1	27000000	27200000	29
Chr1	27200000	27400000	28
Chr1	27400000	27519054	9
Chr2	0	200000	21
Chr2	200000	400000	31
Chr2	400000	600000	24
Chr2	600000	800000	25
Chr2	800000	1000000	33
Chr2	1000000	1200000	28
Chr2	1200000	1400000	38
Chr2	1400000	1600000	16
Chr2	1600000	1800000	22
Chr2	1800000	2000000	22
Chr2	2000000	2200000	33
Chr2	2200000	2400000	31
Chr2	2400000	2600000	12
Chr2	2600000	2800000	21
Chr2	2800000	3000000	18
Chr2	3000000	3200000	17
Chr2	3200000	3400000	32
Chr2	3400000	3600000	29
Chr2	3600000	3800000	13
Chr2	3800000	4000000	20
Chr2	4000000	4200000	24
Chr2	4200000	4400000	23
Chr2	4400000	4600000	22
Chr2	4600000	4800000	19
Chr2	4800000	5000000	30
Chr2	5000000	5200000	22
Chr2	5200000	5400000	19
Chr2	5400000	5600000	22
Chr2	5600000	5800000	24
Chr2	5800000	6000000	22
Chr2	6000000	6200000	28
Chr2	6200000	6400000	22
Chr2	6400000	6600000	14
Chr2	6600000	6800000	17
Chr2	6800000	7000000	15
Chr2	7000000	7200000	21
Chr2	7200000	7400000	13
Chr2	7400000	7600000	24
Chr2	7600000	7800000	24
Chr2	7800000	8000000	16
Chr2	8000000	8200000	16
Chr2	8200000	8400000	13
Chr2	8400000	8600000	23
Chr2	8600000	8800000	19
Chr2	8800000	9000000	28
Chr2	9000000	9200000	27
Chr2	9200000	9400000	29
Chr2	9400000	9600000	13
Chr2	9600000	9800000	22
Chr2	9800000	10000000	21
Chr2	10000000	10200000	28
Chr2	10200000	10400000	23
Chr2	10400000	10600000	27
Chr2	10600000	10800000	25
Chr2	10800000	11000000	21
Chr2	11000000	11200000	16
Chr2	11200000	11400000	13
Chr2	11400000	11600000	19
Chr2	11600000	11800000	16
Chr2	11800000	12000000	19
Chr2	12000000	12200000	11
Chr2	12200000	12400000	13
Chr2	12400000	12600000	18
Chr2	12600000	12800000	14
Chr2	12800000	13000000	14
Chr2	13000000	13200000	13
Chr2	13200000	13400000	14
Chr2	13400000	13600000	16
Chr2	13600000	13800000	12
Chr2	13800000	14000000	15
Chr2	14000000	14200000	12
Chr2	14200000	14400000	16
Chr2	14400000	14600000	12
Chr2	14600000	14800000	13
Chr2	14800000	15000000	16
Chr2	15000000	15200000	11
Chr2	15200000	15400000	16
Chr2	15400000	15600000	21
Chr2	15600000	15800000	18
Chr2	15800000	16000000	17
Chr2	16000000	16200000	8
Chr2	16200000	16400000	7
Chr2	16400000	16600000	12
Chr2	16600000	16800000	15
Chr2	16800000	17000000	18
Chr2	17000000	17200000	9
Chr2	17200000	17400000	7
Chr2	17400000	17600000	13
Chr2	17600000	17800000	15
Chr2	17800000	18000000	12
Chr2	18000000	18200000	10
Chr2	18200000	18400000	13
Chr2	18400000	18600000	12
Chr2	18600000	18800000	12
Chr2	18800000	19000000	5
Chr2	19000000	19200000	11
Chr2	19200000	19400000	12
Chr2	19400000	19600000	6
Chr2	19600000	19800000	6
Chr2	19800000	20000000	8
Chr2	20000000	20200000	4
Chr2	20200000	20400000	1
Chr2	20400000	20600000	1
Chr2	20600000	20800000	0
Chr2	20800000	21000000	0
Chr2	21000000	21200000	0
Chr2	21200000	21400000	2
Chr2	21400000	21600000	3
Chr2	21600000	21800000	3
Chr2	21800000	22000000	1
Chr2	22000000	22200000	1
Chr2	22200000	22400000	0
Chr2	22400000	22600000	0
Chr2	22600000	22800000	0
Chr2	22800000	23000000	2
Chr2	23000000	23200000	2
Chr2	23200000	23400000	3
Chr2	23400000	23600000	0
Chr2	23600000	23800000	1
Chr2	23800000	24000000	2
Chr2	24000000	24200000	3
Chr2	24200000	24400000	3
Chr2	24400000	24600000	9
Chr2	24600000	24800000	3
Chr2	24800000	25000000	4
Chr2	25000000	25200000	8
Chr2	25200000	25400000	5
Chr2	25400000	25600000	10
Chr2	25600000	25800000	14
Chr2	25800000	26000000	14
Chr2	26000000	26200000	9
Chr2	26200000	26400000	8
Chr2	26400000	26600000	8
Chr2	26600000	26800000	14
Chr2	26800000	27000000	11
Chr2	27000000	27200000	12
Chr2	27200000	27400000	15
Chr2	27400000	27600000	14
Chr2	27600000	27800000	15
Chr2	27800000	28000000	12
Chr2	28000000	28200000	18
Chr2	28200000	28400000	8
Chr2	28400000	28600000	20
Chr2	28600000	28800000	14
Chr2	28800000	29000000	14
Chr2	29000000	29200000	19
Chr2	29200000	29400000	19
Chr2	29400000	29600000	9
Chr2	29600000	29800000	19
Chr2	29800000	30000000	13
Chr2	30000000	30200000	6
Chr2	30200000	30400000	16
Chr2	30400000	30600000	21
Chr2	30600000	30800000	12
Chr2	30800000	31000000	7
Chr2	31000000	31200000	15
Chr2	31200000	31400000	16
Chr2	31400000	31600000	13
Chr2	31600000	31800000	17
Chr2	31800000	32000000	16
Chr2	32000000	32200000	15
Chr2	32200000	32400000	10
Chr2	32400000	32600000	18
Chr2	32600000	32800000	15
Chr2	32800000	33000000	11
Chr2	33000000	33200000	16
Chr2	33200000	33400000	20
Chr2	33400000	33600000	15
Chr2	33600000	33800000	15
Chr2	33800000	34000000	12
Chr2	34000000	34200000	19
Chr2	34200000	34400000	15
Chr2	34400000	34600000	15
Chr2	34600000	34800000	19
Chr2	34800000	35000000	20
Chr2	35000000	35200000	21
Chr2	35200000	35400000	24
Chr2	35400000	35600000	14
Chr2	35600000	35800000	14
Chr2	35800000	36000000	16
Chr2	36000000	36200000	3
Chr2	36200000	36400000	17
Chr2	36400000	36600000	15
Chr2	36600000	36800000	16
Chr2	36800000	37000000	23
Chr2	37000000	37200000	20
Chr2	37200000	37400000	14
Chr2	37400000	37600000	18
Chr2	37600000	37800000	12
Chr2	37800000	37982726	10
Chr3	0	200000	14
Chr3	200000	400000	22
Chr3	400000	600000	25
Chr3	600000	800000	27
Chr3	800000	1000000	20
Chr3	1000000	1200000	19
Chr3	1200000	1400000	12
Chr3	1400000	1600000	16
Chr3	1600000	1800000	25
Chr3	1800000	2000000	8
Chr3	2000000	2200000	19
Chr3	2200000	2400000	20
Chr3	2400000	2600000	20
Chr3	2600000	2800000	22
Chr3	2800000	3000000	20
Chr3	3000000	3200000	18
Chr3	3200000	3400000	16
Chr3	3400000	3600000	24
Chr3	3600000	3800000	15
Chr3	3800000	4000000	22
Chr3	4000000	4200000	21
Chr3	4200000	4400000	24
Chr3	4400000	4600000	18
Chr3	4600000	4800000	26
Chr3	4800000	5000000	16
Chr3	5000000	5200000	16
Chr3	5200000	5400000	19
Chr3	5400000	5600000	23
Chr3	5600000	5800000	20
Chr3	5800000	6000000	18
Chr3	6000000	6200000	22
Chr3	6200000	6400000	29
Chr3	6400000	6600000	18
Chr3	6600000	6800000	22
Chr3	6800000	7000000	11
Chr3	7000000	7200000	12
Chr3	7200000	7400000	25
Chr3	7400000	7600000	18
Chr3	7600000	7800000	15
Chr3	7800000	8000000	12
Chr3	8000000	8200000	20
Chr3	8200000	8400000	16
Chr3	8400000	8600000	17
Chr3	8600000	8800000	16
Chr3	8800000	9000000	21
Chr3	9000000	9200000	20
Chr3	9200000	9400000	18
Chr3	9400000	9600000	22
Chr3	9600000	9800000	16
Chr3	9800000	10000000	16
Chr3	10000000	10200000	21
Chr3	10200000	10400000	21
Chr3	10400000	10600000	14
Chr3	10600000	10800000	11
Chr3	10800000	11000000	14
Chr3	11000000	11200000	14
Chr3	11200000	11400000	6
Chr3	11400000	11600000	9
Chr3	11600000	11800000	12
Chr3	11800000	12000000	9
Chr3	12000000	12200000	13
Chr3	12200000	12400000	18
Chr3	12400000	12600000	17
Chr3	12600000	12800000	14
Chr3	12800000	13000000	14
Chr3	13000000	13200000	14
Chr3	13200000	13400000	7
Chr3	13400000	13600000	11
Chr3	13600000	13800000	14
Chr3	13800000	14000000	17
Chr3	14000000	14200000	11
Chr3	14200000	14400000	10
Chr3	14400000	14600000	9
Chr3	14600000	14800000	10
Chr3	14800000	15000000	15
Chr3	15000000	15200000	8
Chr3	15200000	15400000	13
Chr3	15400000	15600000	11
Chr3	15600000	15800000	9
Chr3	15800000	16000000	9
Chr3	16000000	16200000	14
Chr3	16200000	16400000	10
Chr3	16400000	16600000	14
Chr3	16600000	16800000	12
Chr3	16800000	17000000	12
Chr3	17000000	17200000	4
Chr3	17200000	17400000	6
Chr3	17400000	17600000	5
Chr3	17600000	17800000	3
Chr3	17800000	18000000	8
Chr3	18000000	18200000	8
Chr3	18200000	18400000	5
Chr3	18400000	18600000	8
Chr3	18600000	18800000	7
Chr3	18800000	19000000	9
Chr3	19000000	19200000	9
Chr3	19200000	19400000	10
Chr3	19400000	19600000	5
Chr3	19600000	19800000	3
Chr3	19800000	20000000	3
Chr3	20000000	20200000	0
Chr3	20200000	20400000	2
Chr3	20400000	20600000	0
Chr3	20600000	20800000	0
Chr3	20800000	21000000	3
Chr3	21000000	21200000	2
Chr3	21200000	21400000	0
Chr3	21400000	21600000	0
Chr3	21600000	21800000	1
Chr3	21800000	22000000	1
Chr3	22000000	22200000	7
Chr3	22200000	22400000	10
Chr3	22400000	22600000	5
Chr3	22600000	22800000	9
Chr3	22800000	23000000	15
Chr3	23000000	23200000	8
Chr3	23200000	23400000	7
Chr3	23400000	23600000	7
Chr3	23600000	23800000	11
Chr3	23800000	24000000	6
Chr3	24000000	24200000	15
Chr3	24200000	24400000	16
Chr3	24400000	24600000	16
Chr3	24600000	24800000	19
Chr3	24800000	25000000	4
Chr3	25000000	25200000	15
Chr3	25200000	25400000	15
Chr3	25400000	25600000	19
Chr3	25600000	25800000	12
Chr3	25800000	26000000	13
Chr3	26000000	26200000	19
Chr3	26200000	26400000	6
Chr3	26400000	26600000	10
Chr3	26600000	26800000	15
Chr3	26800000	27000000	17
Chr3	27000000	27200000	13
Chr3	27200000	27400000	15
Chr3	27400000	27600000	17
Chr3	27600000	27800000	24
Chr3	27800000	28000000	15
Chr3	28000000	28200000	16
Chr3	28200000	28400000	25
Chr3	28400000	28600000	7
Chr3	28600000	28800000	21
Chr3	28800000	29000000	9
Chr3	29000000	29200000	21
Chr3	29200000	29400000	18
Chr3	29400000	29600000	20
Chr3	29600000	29800000	15
Chr3	29800000	30000000	15
Chr3	30000000	30200000	22
Chr3	30200000	30400000	18
Chr3	30400000	30600000	17
Chr3	30600000	30800000	12
Chr3	30800000	31000000	10
Chr3	31000000	31200000	12
Chr3	31200000	31400000	19
Chr3	31400000	31600000	20
Chr3	31600000	31800000	19
Chr3	31800000	32000000	10
Chr3	32000000	32200000	13
Chr3	32200000	32400000	19
Chr3	32400000	32600000	11
Chr3	32600000	32800000	19
Chr3	32800000	33000000	23
Chr3	33000000	33200000	18
Chr3	33200000	33400000	15
Chr3	33400000	33600000	15
Chr3	33600000	33800000	16
Chr3	33800000	34000000	24
Chr3	34000000	34200000	18
Chr3	34200000	34400000	19
Chr3	34400000	34600000	20
Chr3	34600000	34800000	29
Chr3	34800000	35000000	20
Chr3	35000000	35200000	24
Chr3	35200000	35400000	24
Chr3	35400000	35600000	25
Chr3	35600000	35800000	28
Chr3	35800000	36000000	19
Chr3	36000000	36200000	19
Chr3	36200000	36400000	20
Chr3	36400000	36600000	28
Chr3	36600000	36800000	31
Chr3	36800000	37000000	27
Chr3	37000000	37200000	23
Chr3	37200000	37400000	17
Chr3	37400000	37451735	1
Chr4	0	200000	15
Chr4	200000	400000	12
Chr4	400000	600000	23
Chr4	600000	800000	20
Chr4	800000	1000000	18
Chr4	1000000	1200000	19
Chr4	1200000	1400000	18
Chr4	1400000	1600000	19
Chr4	1600000	1800000	12
Chr4	1800000	2000000	25
Chr4	2000000	2200000	27
Chr4	2200000	2400000	20
Chr4	2400000	2600000	20
Chr4	2600000	2800000	22
Chr4	2800000	3000000	23
Chr4	3000000	3200000	18
Chr4	3200000	3400000	18
Chr4	3400000	3600000	25
Chr4	3600000	3800000	21
Chr4	3800000	4000000	16
Chr4	4000000	4200000	17
Chr4	4200000	4400000	15
Chr4	4400000	4600000	19
Chr4	4600000	4800000	12
Chr4	4800000	5000000	18
Chr4	5000000	5200000	20
Chr4	5200000	5400000	20
Chr4	5400000	5600000	14
Chr4	5600000	5800000	9
Chr4	5800000	6000000	10
Chr4	6000000	6200000	17
Chr4	6200000	6400000	16
Chr4	6400000	6600000	18
Chr4	6600000	6800000	14
Chr4	6800000	7000000	12
Chr4	7000000	7200000	16
Chr4	7200000	7400000	9
Chr4	7400000	7600000	12
Chr4	7600000	7800000	17
Chr4	7800000	8000000	15
Chr4	8000000	8200000	17
Chr4	8200000	8400000	12
Chr4	8400000	8600000	14
Chr4	8600000	8800000	13
Chr4	8800000	9000000	10
Chr4	9000000	9200000	12
Chr4	9200000	9400000	6
Chr4	9400000	9600000	3
Chr4	9600000	9800000	7
Chr4	9800000	10000000	7
Chr4	10000000	10200000	6
Chr4	10200000	10400000	3
Chr4	10400000	10600000	6
Chr4	10600000	10800000	8
Chr4	10800000	11000000	3
Chr4	11000000	11200000	0
Chr4	11200000	11400000	2
Chr4	11400000	11600000	1
Chr4	11600000	11800000	3
Chr4	11800000	12000000	1
Chr4	12000000	12200000	1
Chr4	12200000	12400000	0
Chr4	12400000	12600000	5
Chr4	12600000	12800000	4
Chr4	12800000	13000000	7
Chr4	13000000	13200000	9
Chr4	13200000	13400000	9
Chr4	13400000	13600000	14
Chr4	13600000	13800000	9
Chr4	13800000	14000000	13
Chr4	14000000	14200000	12
Chr4	14200000	14400000	12
Chr4	14400000	14600000	11
Chr4	14600000	14800000	15
Chr4	14800000	15000000	10
Chr4	15000000	15200000	12
Chr4	15200000	15400000	13
Chr4	15400000	15600000	7
Chr4	15600000	15800000	11
Chr4	15800000	16000000	18
Chr4	16000000	16200000	2
Chr4	16200000	16400000	9
Chr4	16400000	16600000	13
Chr4	16600000	16800000	14
Chr4	16800000	17000000	15
Chr4	17000000	17200000	16
Chr4	17200000	17400000	10
Chr4	17400000	17600000	21
Chr4	17600000	17800000	19
Chr4	17800000	18000000	19
Chr4	18000000	18200000	18
Chr4	18200000	18400000	14
Chr4	18400000	18600000	18
Chr4	18600000	18800000	11
Chr4	18800000	19000000	15
Chr4	19000000	19200000	17
Chr4	19200000	19400000	15
Chr4	19400000	19600000	14
Chr4	19600000	19800000	23
Chr4	19800000	20000000	24
Chr4	20000000	20200000	15
Chr4	20200000	20400000	19
Chr4	20400000	20600000	28
Chr4	20600000	20800000	16
Chr4	20800000	21000000	13
Chr4	21000000	21200000	19
Chr4	21200000	21400000	18
Chr4	21400000	21600000	17
Chr4	21600000	21800000	22
Chr4	21800000	22000000	19
Chr4	22000000	22200000	17
Chr4	22200000	22400000	19
Chr4	22400000	22600000	23
Chr4	22600000	22800000	23
Chr4	22800000	23000000	26
Chr4	23000000	23200000	17
Chr4	23200000	23400000	16
Chr4	23400000	23600000	23
Chr4	23600000	23800000	20
Chr4	23800000	24000000	19
Chr4	24000000	24200000	31
Chr4	24200000	24400000	31
Chr4	24400000	24600000	33
Chr4	24600000	24800000	24
Chr4	24800000	25000000	18
Chr4	25000000	25200000	28
Chr4	25200000	25400000	22
Chr4	25400000	25600000	20
Chr4	25600000	25800000	29
Chr4	25800000	26000000	27
Chr4	26000000	26200000	27
Chr4	26200000	26400000	22
Chr4	26400000	26600000	32
Chr4	26600000	26800000	18
Chr4	26800000	27000000	21
Chr4	27000000	27200000	20
Chr4	27200000	27400000	22
Chr4	27400000	27600000	33
Chr4	27600000	27800000	27
Chr4	27800000	28000000	29
Chr4	28000000	28200000	15
Chr4	28200000	28204096	0
Chr5	0	200000	5
Chr5	200000	400000	5
Chr5	400000	600000	3
Chr5	600000	800000	14
Chr5	800000	1000000	15
Chr5	1000000	1200000	17
Chr5	1200000	1400000	15
Chr5	1400000	1600000	19
Chr5	1600000	1800000	13
Chr5	1800000	2000000	10
Chr5	2000000	2200000	17
Chr5	2200000	2400000	14
Chr5	2400000	2600000	7
Chr5	2600000	2800000	21
Chr5	2800000	3000000	11
Chr5	3000000	3200000	13
Chr5	3200000	3400000	15
Chr5	3400000	3600000	18
Chr5	3600000	3800000	9
Chr5	3800000	4000000	10
Chr5	4000000	4200000	12
Chr5	4200000	4400000	16
Chr5	4400000	4600000	16
Chr5	4600000	4800000	13
Chr5	4800000	5000000	17
Chr5	5000000	5200000	14
Chr5	5200000	5400000	12
Chr5	5400000	5600000	12
Chr5	5600000	5800000	7
Chr5	5800000	6000000	19
Chr5	6000000	6200000	14
Chr5	6200000	6400000	12
Chr5	6400000	6600000	12
Chr5	6600000	6800000	15
Chr5	6800000	7000000	18
Chr5	7000000	7200000	17
Chr5	7200000	7400000	14
Chr5	7400000	7600000	17
Chr5	7600000	7800000	19
Chr5	7800000	8000000	13
Chr5	8000000	8200000	8
Chr5	8200000	8400000	17
Chr5	8400000	8600000	17
Chr5	8600000	8800000	14
Chr5	8800000	9000000	14
Chr5	9000000	9200000	13
Chr5	9200000	9400000	13
Chr5	9400000	9600000	13
Chr5	9600000	9800000	17
Chr5	9800000	10000000	16
Chr5	10000000	10200000	11
Chr5	10200000	10400000	11
Chr5	10400000	10600000	12
Chr5	10600000	10800000	10
Chr5	10800000	11000000	7
Chr5	11000000	11200000	12
Chr5	11200000	11400000	5
Chr5	11400000	11600000	9
Chr5	11600000	11800000	6
Chr5	11800000	12000000	11
Chr5	12000000	12200000	12
Chr5	12200000	12400000	2
Chr5	12400000	12600000	9
Chr5	12600000	12800000	3
Chr5	12800000	13000000	1
Chr5	13000000	13200000	4
Chr5	13200000	13400000	15
Chr5	13400000	13600000	9
Chr5	13600000	13800000	7
Chr5	13800000	14000000	9
Chr5	14000000	14200000	7
Chr5	14200000	14400000	5
Chr5	14400000	14600000	1
Chr5	14600000	14800000	0
Chr5	14800000	15000000	3
Chr5	15000000	15200000	3
Chr5	15200000	15400000	3
Chr5	15400000	15600000	0
Chr5	15600000	15800000	0
Chr5	15800000	16000000	0
Chr5	16000000	16200000	1
Chr5	16200000	16400000	0
Chr5	16400000	16600000	4
Chr5	16600000	16800000	0
Chr5	16800000	17000000	5
Chr5	17000000	17200000	11
Chr5	17200000	17400000	8
Chr5	17400000	17600000	8
Chr5	17600000	17800000	10
Chr5	17800000	18000000	6
Chr5	18000000	18200000	9
Chr5	18200000	18400000	14
Chr5	18400000	18600000	17
Chr5	18600000	18800000	15
Chr5	18800000	19000000	9
Chr5	19000000	19200000	14
Chr5	19200000	19400000	10
Chr5	19400000	19600000	5
Chr5	19600000	19800000	9
Chr5	19800000	20000000	13
Chr5	20000000	20200000	7
Chr5	20200000	20400000	4
Chr5	20400000	20600000	15
Chr5	20600000	20800000	12
Chr5	20800000	21000000	11
Chr5	21000000	21200000	19
Chr5	21200000	21400000	19
Chr5	21400000	21600000	14
Chr5	21600000	21800000	9
Chr5	21800000	22000000	10
Chr5	22000000	22200000	12
Chr5	22200000	22400000	15
Chr5	22400000	22600000	15
Chr5	22600000	22800000	12
Chr5	22800000	23000000	17
Chr5	23000000	23200000	11
Chr5	23200000	23400000	17
Chr5	23400000	23600000	14
Chr5	23600000	23800000	12
Chr5	23800000	24000000	14
Chr5	24000000	24200000	22
Chr5	24200000	24400000	18
Chr5	24400000	24600000	13
Chr5	24600000	24800000	20
Chr5	24800000	25000000	13
Chr5	25000000	25200000	11
Chr5	25200000	25400000	16
Chr5	25400000	25600000	15
Chr5	25600000	25800000	17
Chr5	25800000	26000000	21
Chr5	26000000	26200000	7
Chr5	26200000	26400000	22
Chr5	26400000	26600000	22
Chr5	26600000	26800000	10
Chr5	26800000	27000000	21
Chr5	27000000	27200000	14
Chr5	27200000	27400000	17
Chr5	27400000	27600000	17
Chr5	27600000	27800000	23
Chr5	27800000	28000000	15
Chr5	28000000	28200000	23
Chr5	28200000	28400000	10
Chr5	28400000	28600000	19
Chr5	28600000	28800000	26
Chr5	28800000	29000000	22
Chr5	29000000	29200000	26
Chr5	29200000	29400000	14
Chr5	29400000	29600000	16
Chr5	29600000	29800000	21
Chr5	29800000	30000000	21
Chr5	30000000	30200000	24
Chr5	30200000	30400000	23
Chr5	30400000	30600000	25
Chr5	30600000	30800000	30
Chr5	30800000	31000000	24
Chr5	31000000	31200000	24
Chr5	31200000	31400000	21
Chr5	31400000	31600000	13
Chr5	31600000	31800000	22
Chr5	31800000	32000000	22
Chr5	32000000	32200000	16
Chr5	32200000	32400000	11
Chr5	32400000	32600000	16
Chr5	32600000	32800000	11
Chr5	32800000	33000000	16
Chr5	33000000	33200000	18
Chr5	33200000	33400000	8
Chr5	33400000	33600000	17
Chr5	33600000	33800000	14
Chr5	33800000	34000000	16
Chr5	34000000	34200000	19
Chr5	34200000	34400000	30
Chr5	34400000	34600000	21
Chr5	34600000	34800000	12
Chr5	34800000	35000000	21
Chr5	35000000	35200000	11
Chr5	35200000	35400000	25
Chr5	35400000	35600000	25
Chr5	35600000	35800000	19
Chr5	35800000	36000000	34
Chr5	36000000	36200000	19
Chr5	36200000	36400000	18
Chr5	36400000	36600000	16
Chr5	36600000	36800000	11
Chr5	36800000	37000000	13
Chr5	37000000	37200000	12
Chr5	37200000	37400000	18
Chr5	37400000	37600000	23
Chr5	37600000	37800000	19
Chr5	37800000	38000000	21
Chr5	38000000	38200000	21
Chr5	38200000	38400000	14
Chr5	38400000	38600000	27
Chr5	38600000	38800000	21
Chr5	38800000	39000000	12
Chr5	39000000	39200000	14
Chr5	39200000	39400000	26
Chr5	39400000	39600000	25
Chr5	39600000	39800000	19
Chr5	39800000	40000000	33
Chr5	40000000	40200000	24
Chr5	40200000	40400000	25
Chr5	40400000	40600000	14
Chr5	40600000	40800000	19
Chr5	40800000	41000000	22
Chr5	41000000	41200000	24
Chr5	41200000	41400000	26
Chr5	41400000	41600000	23
Chr5	41600000	41800000	26
Chr5	41800000	42000000	28
Chr5	42000000	42200000	26
Chr5	42200000	42400000	23
Chr5	42400000	42600000	22
Chr5	42600000	42800000	19
Chr5	42800000	43000000	24
Chr5	43000000	43200000	31
Chr5	43200000	43400000	17
Chr5	43400000	43600000	13
Chr5	43600000	43800000	18
Chr5	43800000	44000000	33
Chr5	44000000	44200000	17
Chr5	44200000	44400000	24
Chr5	44400000	44600000	21
Chr5	44600000	44800000	32
Chr5	44800000	45000000	23
Chr5	45000000	45200000	30
Chr5	45200000	45400000	33
Chr5	45400000	45600000	24
Chr5	45600000	45635594	4
Chr6	0	200000	17
Chr6	200000	400000	17
Chr6	400000	600000	22
Chr6	600000	800000	21
Chr6	800000	1000000	11
Chr6	1000000	1200000	11
Chr6	1200000	1400000	16
Chr6	1400000	1600000	21
Chr6	1600000	1800000	21
Chr6	1800000	2000000	18
Chr6	2000000	2200000	8
Chr6	2200000	2400000	19
Chr6	2400000	2600000	7
Chr6	2600000	2800000	10
Chr6	2800000	3000000	21
Chr6	3000000	3200000	17
Chr6	3200000	3400000	18
Chr6	3400000	3600000	16
Chr6	3600000	3800000	10
Chr6	3800000	4000000	18
Chr6	4000000	4200000	14
Chr6	4200000	4400000	16
Chr6	4400000	4600000	9
Chr6	4600000	4800000	18
Chr6	4800000	5000000	10
Chr6	5000000	5200000	15
Chr6	5200000	5400000	6
Chr6	5400000	5600000	19
Chr6	5600000	5800000	14
Chr6	5800000	6000000	14
Chr6	6000000	6200000	18
Chr6	6200000	6400000	12
Chr6	6400000	6600000	8
Chr6	6600000	6800000	12
Chr6	6800000	7000000	8
Chr6	7000000	7200000	11
Chr6	7200000	7400000	12
Chr6	7400000	7600000	9
Chr6	7600000	7800000	9
Chr6	7800000	8000000	13
Chr6	8000000	8200000	11
Chr6	8200000	8400000	8
Chr6	8400000	8600000	5
Chr6	8600000	8800000	6
Chr6	8800000	9000000	7
Chr6	9000000	9200000	5
Chr6	9200000	9400000	6
Chr6	9400000	9600000	10
Chr6	9600000	9800000	9
Chr6	9800000	10000000	2
Chr6	10000000	10200000	4
Chr6	10200000	10400000	2
Chr6	10400000	10600000	7
Chr6	10600000	10800000	1
Chr6	10800000	11000000	1
Chr6	11000000	11200000	7
Chr6	11200000	11400000	3
Chr6	11400000	11600000	0
Chr6	11600000	11800000	1
Chr6	11800000	12000000	2
Chr6	12000000	12200000	0
Chr6	12200000	12400000	5
Chr6	12400000	12600000	0
Chr6	12600000	12800000	0
Chr6	12800000	13000000	0
Chr6	13000000	13200000	3
Chr6	13200000	13400000	2
Chr6	13400000	13600000	3
Chr6	13600000	13800000	5
Chr6	13800000	14000000	2
Chr6	14000000	14200000	6
Chr6	14200000	14400000	6
Chr6	14400000	14600000	11
Chr6	14600000	14800000	9
Chr6	14800000	15000000	1
Chr6	15000000	15200000	13
Chr6	15200000	15400000	7
Chr6	15400000	15600000	3
Chr6	15600000	15800000	8
Chr6	15800000	16000000	4
Chr6	16000000	16200000	7
Chr6	16200000	16400000	2
Chr6	16400000	16600000	9
Chr6	16600000	16800000	10
Chr6	16800000	17000000	9
Chr6	17000000	17200000	1
Chr6	17200000	17400000	12
Chr6	17400000	17600000	14
Chr6	17600000	17800000	10
Chr6	17800000	18000000	10
Chr6	18000000	18200000	4
Chr6	18200000	18400000	15
Chr6	18400000	18600000	12
Chr6	18600000	18800000	16
Chr6	18800000	19000000	13
Chr6	19000000	19200000	19
Chr6	19200000	19400000	10
Chr6	19400000	19600000	17
Chr6	19600000	19800000	10
Chr6	19800000	20000000	16
Chr6	20000000	20200000	15
Chr6	20200000	20400000	11
Chr6	20400000	20600000	10
Chr6	20600000	20800000	23
Chr6	20800000	21000000	16
Chr6	21000000	21200000	16
Chr6	21200000	21400000	18
Chr6	21400000	21600000	20
Chr6	21600000	21800000	21
Chr6	21800000	22000000	21
Chr6	22000000	22200000	15
Chr6	22200000	22400000	17
Chr6	22400000	22600000	20
Chr6	22600000	22800000	5
Chr6	22800000	23000000	16
Chr6	23000000	23200000	15
Chr6	23200000	23400000	17
Chr6	23400000	23600000	14
Chr6	23600000	23800000	24
Chr6	23800000	24000000	17
Chr6	24000000	24200000	15
Chr6	24200000	24400000	12
Chr6	24400000	24600000	15
Chr6	24600000	24800000	17
Chr6	24800000	25000000	16
Chr6	25000000	25200000	23
Chr6	25200000	25400000	20
Chr6	25400000	25600000	26
Chr6	25600000	25800000	16
Chr6	25800000	26000000	23
Chr6	26000000	26200000	21
Chr6	26200000	26400000	27
Chr6	26400000	26600000	28
Chr6	26600000	26800000	14
Chr6	26800000	27000000	23
Chr6	27000000	27200000	19
Chr6	27200000	27400000	15
Chr6	27400000	27600000	22
Chr6	27600000	27800000	20
Chr6	27800000	28000000	28
Chr6	28000000	28200000	29
Chr6	28200000	28400000	25
Chr6	28400000	28600000	21
Chr6	28600000	28800000	33
Chr6	28800000	29000000	23
Chr6	29000000	29200000	25
Chr6	29200000	29400000	20
Chr6	29400000	29600000	25
Chr6	29600000	29800000	21
Chr6	29800000	30000000	28
Chr6	30000000	30200000	23
Chr6	30200000	30400000	24
Chr6	30400000	30600000	23
Chr6	30600000	30800000	24
Chr6	30800000	31000000	26
Chr6	31000000	31200000	29
Chr6	31200000	31400000	25
Chr6	31400000	31600000	30
Chr6	31600000	31800000	24
Chr6	31800000	32000000	25
Chr6	32000000	32200000	23
Chr6	32200000	32349783	12
Chr7	0	200000	13
Chr7	200000	400000	19
Chr7	400000	600000	19
Chr7	600000	800000	25
Chr7	800000	1000000	19
Chr7	1000000	1200000	23
Chr7	1200000	1400000	24
Chr7	1400000	1600000	15
Chr7	1600000	1800000	17
Chr7	1800000	2000000	21
Chr7	2000000	2200000	20
Chr7	2200000	2400000	10
Chr7	2400000	2600000	26
Chr7	2600000	2800000	16
Chr7	2800000	3000000	17
Chr7	3000000	3200000	12
Chr7	3200000	3400000	22
Chr7	3400000	3600000	14
Chr7	3600000	3800000	14
Chr7	3800000	4000000	17
Chr7	4000000	4200000	17
Chr7	4200000	4400000	15
Chr7	4400000	4600000	16
Chr7	4600000	4800000	19
Chr7	4800000	5000000	13
Chr7	5000000	5200000	22
Chr7	5200000	5400000	17
Chr7	5400000	5600000	18
Chr7	5600000	5800000	18
Chr7	5800000	6000000	14
Chr7	6000000	6200000	15
Chr7	6200000	6400000	13
Chr7	6400000	6600000	16
Chr7	6600000	6800000	10
Chr7	6800000	7000000	15
Chr7	7000000	7200000	8
Chr7	7200000	7400000	12
Chr7	7400000	7600000	17
Chr7	7600000	7800000	13
Chr7	7800000	8000000	26
Chr7	8000000	8200000	17
Chr7	8200000	8400000	18
Chr7	8400000	8600000	15
Chr7	8600000	8800000	11
Chr7	8800000	9000000	11
Chr7	9000000	9200000	8
Chr7	9200000	9400000	18
Chr7	9400000	9600000	11
Chr7	9600000	9800000	16
Chr7	9800000	10000000	18
Chr7	10000000	10200000	14
Chr7	10200000	10400000	14
Chr7	10400000	10600000	16
Chr7	10600000	10800000	17
Chr7	10800000	11000000	10
Chr7	11000000	11200000	5
Chr7	11200000	11400000	14
Chr7	11400000	11600000	10
Chr7	11600000	11800000	15
Chr7	11800000	12000000	8
Chr7	12000000	12200000	10
Chr7	12200000	12400000	11
Chr7	12400000	12600000	10
Chr7	12600000	12800000	14
Chr7	12800000	13000000	10
Chr7	13000000	13200000	13
Chr7	13200000	13400000	7
Chr7	13400000	13600000	10
Chr7	13600000	13800000	9
Chr7	13800000	14000000	13
Chr7	14000000	14200000	7
Chr7	14200000	14400000	14
Chr7	14400000	14600000	9
Chr7	14600000	14800000	14
Chr7	14800000	15000000	15
Chr7	15000000	15200000	9
Chr7	15200000	15400000	2
Chr7	15400000	15600000	6
Chr7	15600000	15800000	9
Chr7	15800000	16000000	5
Chr7	16000000	16200000	3
Chr7	16200000	16400000	1
Chr7	16400000	16600000	1
Chr7	16600000	16800000	0
Chr7	16800000	17000000	1
Chr7	17000000	17200000	2
Chr7	17200000	17400000	0
Chr7	17400000	17600000	1
Chr7	17600000	17800000	1
Chr7	17800000	18000000	10
Chr7	18000000	18200000	6
Chr7	18200000	18400000	11
Chr7	18400000	18600000	16
Chr7	18600000	18800000	20
Chr7	18800000	19000000	14
Chr7	19000000	19200000	11
Chr7	19200000	19400000	13
Chr7	19400000	19600000	9
Chr7	19600000	19800000	14
Chr7	19800000	20000000	10
Chr7	20000000	20200000	13
Chr7	20200000	20400000	11
Chr7	20400000	20600000	8
Chr7	20600000	20800000	12
Chr7	20800000	21000000	13
Chr7	21000000	21200000	9
Chr7	21200000	21400000	17
Chr7	21400000	21600000	17
Chr7	21600000	21800000	13
Chr7	21800000	22000000	11
Chr7	22000000	22200000	16
Chr7	22200000	22400000	10
Chr7	22400000	22600000	17
Chr7	22600000	22800000	18
Chr7	22800000	23000000	9
Chr7	23000000	23200000	13
Chr7	23200000	23400000	18
Chr7	23400000	23600000	10
Chr7	23600000	23800000	9
Chr7	23800000	24000000	13
Chr7	24000000	24200000	4
Chr7	24200000	24400000	5
Chr7	24400000	24600000	14
Chr7	24600000	24800000	14
Chr7	24800000	25000000	19
Chr7	25000000	25200000	17
Chr7	25200000	25400000	23
Chr7	25400000	25600000	13
Chr7	25600000	25800000	16
Chr7	25800000	26000000	17
Chr7	26000000	26200000	11
Chr7	26200000	26400000	21
Chr7	26400000	26600000	19
Chr7	26600000	26800000	15
Chr7	26800000	27000000	18
Chr7	27000000	27200000	5
Chr7	27200000	27400000	13
Chr7	27400000	27600000	21
Chr7	27600000	27800000	20
Chr7	27800000	28000000	24
Chr7	28000000	28200000	18
Chr7	28200000	28400000	16
Chr7	28400000	28600000	16
Chr7	28600000	28800000	19
Chr7	28800000	29000000	17
Chr7	29000000	29200000	15
Chr7	29200000	29400000	24
Chr7	29400000	29600000	19
Chr7	29600000	29800000	18
Chr7	29800000	30000000	10
Chr7	30000000	30200000	22
Chr7	30200000	30400000	19
Chr7	30400000	30600000	29
Chr7	30600000	30800000	24
Chr7	30800000	31000000	24
Chr7	31000000	31200000	28
Chr7	31200000	31400000	30
Chr7	31400000	31600000	23
Chr7	31600000	31800000	21
Chr7	31800000	32000000	22
Chr7	32000000	32200000	26
Chr7	32200000	32400000	29
Chr7	32400000	32600000	19
Chr7	32600000	32800000	9
Chr7	32800000	33000000	16
Chr7	33000000	33200000	19
Chr7	33200000	33400000	16
Chr7	33400000	33600000	32
Chr7	33600000	33800000	18
Chr7	33800000	34000000	20
Chr7	34000000	34200000	30
Chr7	34200000	34400000	32
Chr7	34400000	34600000	25
Chr7	34600000	34800000	28
Chr7	34800000	35000000	16
Chr7	35000000	35200000	9
Chr7	35200000	35400000	11
Chr7	35400000	35600000	28
Chr7	35600000	35800000	30
Chr7	35800000	36000000	14
Chr7	36000000	36200000	29
Chr7	36200000	36400000	29
Chr7	36400000	36600000	27
Chr7	36600000	36685546	8
Chr8	0	200000	19
Chr8	200000	400000	26
Chr8	400000	600000	23
Chr8	600000	800000	21
Chr8	800000	1000000	31
Chr8	1000000	1200000	22
Chr8	1200000	1400000	27
Chr8	1400000	1600000	24
Chr8	1600000	1800000	26
Chr8	1800000	2000000	21
Chr8	2000000	2200000	28
Chr8	2200000	2400000	32
Chr8	2400000	2600000	18
Chr8	2600000	2800000	18
Chr8	2800000	3000000	24
Chr8	3000000	3200000	19
Chr8	3200000	3400000	22
Chr8	3400000	3600000	18
Chr8	3600000	3800000	24
Chr8	3800000	4000000	11
Chr8	4000000	4200000	16
Chr8	4200000	4400000	7
Chr8	4400000	4600000	13
Chr8	4600000	4800000	31
Chr8	4800000	5000000	24
Chr8	5000000	5200000	15
Chr8	5200000	5400000	21
Chr8	5400000	5600000	25
Chr8	5600000	5800000	19
Chr8	5800000	6000000	35
Chr8	6000000	6200000	16
Chr8	6200000	6400000	18
Chr8	6400000	6600000	14
Chr8	6600000	6800000	18
Chr8	6800000	7000000	25
Chr8	7000000	7200000	23
Chr8	7200000	7400000	24
Chr8	7400000	7600000	19
Chr8	7600000	7800000	21
Chr8	7800000	8000000	21
Chr8	8000000	8200000	20
Chr8	8200000	8400000	16
Chr8	8400000	8600000	25
Chr8	8600000	8800000	12
Chr8	8800000	9000000	18
Chr8	9000000	9200000	18
Chr8	9200000	9400000	24
Chr8	9400000	9600000	18
Chr8	9600000	9800000	16
Chr8	9800000	10000000	13
Chr8	10000000	10200000	8
Chr8	10200000	10400000	22
Chr8	10400000	10600000	14
Chr8	10600000	10800000	12
Chr8	10800000	11000000	8
Chr8	11000000	11200000	21
Chr8	11200000	11400000	22
Chr8	11400000	11600000	13
Chr8	11600000	11800000	16
Chr8	11800000	12000000	13
Chr8	12000000	12200000	18
Chr8	12200000	12400000	19
Chr8	12400000	12600000	13
Chr8	12600000	12800000	6
Chr8	12800000	13000000	20
Chr8	13000000	13200000	7
Chr8	13200000	13400000	14
Chr8	13400000	13600000	9
Chr8	13600000	13800000	18
Chr8	13800000	14000000	4
Chr8	14000000	14200000	13
Chr8	14200000	14400000	14
Chr8	14400000	14600000	5
Chr8	14600000	14800000	13
Chr8	14800000	15000000	15
Chr8	15000000	15200000	3
Chr8	15200000	15400000	11
Chr8	15400000	15600000	5
Chr8	15600000	15800000	6
Chr8	15800000	16000000	3
Chr8	16000000	16200000	6
Chr8	16200000	16400000	3
Chr8	16400000	16600000	7
Chr8	16600000	16800000	9
Chr8	16800000	17000000	10
Chr8	17000000	17200000	5
Chr8	17200000	17400000	0
Chr8	17400000	17600000	0
Chr8	17600000	17800000	1
Chr8	17800000	18000000	0
Chr8	18000000	18200000	0
Chr8	18200000	18400000	3
Chr8	18400000	18600000	1
Chr8	18600000	18800000	0
Chr8	18800000	19000000	9
Chr8	19000000	19200000	9
Chr8	19200000	19400000	9
Chr8	19400000	19600000	7
Chr8	19600000	19800000	6
Chr8	19800000	20000000	13
Chr8	20000000	20200000	10
Chr8	20200000	20400000	11
Chr8	20400000	20600000	8
Chr8	20600000	20800000	7
Chr8	20800000	21000000	12
Chr8	21000000	21200000	9
Chr8	21200000	21400000	13
Chr8	21400000	21600000	17
Chr8	21600000	21800000	14
Chr8	21800000	22000000	17
Chr8	22000000	22200000	13
Chr8	22200000	22400000	13
Chr8	22400000	22600000	16
Chr8	22600000	22800000	16
Chr8	22800000	23000000	18
Chr8	23000000	23200000	7
Chr8	23200000	23400000	11
Chr8	23400000	23600000	9
Chr8	23600000	23800000	17
Chr8	23800000	24000000	18
Chr8	24000000	24200000	13
Chr8	24200000	24400000	12
Chr8	24400000	24600000	10
Chr8	24600000	24800000	9
Chr8	24800000	25000000	16
Chr8	25000000	25200000	9
Chr8	25200000	25400000	6
Chr8	25400000	25600000	12
Chr8	25600000	25800000	20
Chr8	25800000	26000000	15
Chr8	26000000	26200000	13
Chr8	26200000	26400000	12
Chr8	26400000	26600000	10
Chr8	26600000	26800000	15
Chr8	26800000	27000000	12
Chr8	27000000	27200000	18
Chr8	27200000	27400000	25
Chr8	27400000	27600000	22
Chr8	27600000	27800000	17
Chr8	27800000	28000000	23
Chr8	28000000	28200000	15
Chr8	28200000	28400000	15
Chr8	28400000	28600000	14
Chr8	28600000	28800000	22
Chr8	28800000	29000000	14
Chr8	29000000	29200000	20
Chr8	29200000	29400000	19
Chr8	29400000	29600000	14
Chr8	29600000	29800000	20
Chr8	29800000	30000000	16
Chr8	30000000	30200000	19
Chr8	30200000	30400000	20
Chr8	30400000	30600000	13
Chr8	30600000	30800000	25
Chr8	30800000	31000000	21
Chr8	31000000	31200000	23
Chr8	31200000	31371431	3
Chr9	0	200000	18
Chr9	200000	400000	29
Chr9	400000	600000	35
Chr9	600000	800000	33
Chr9	800000	1000000	35
Chr9	1000000	1200000	28
Chr9	1200000	1400000	26
Chr9	1400000	1600000	20
Chr9	1600000	1800000	15
Chr9	1800000	2000000	14
Chr9	2000000	2200000	25
Chr9	2200000	2400000	23
Chr9	2400000	2600000	20
Chr9	2600000	2800000	20
Chr9	2800000	3000000	23
Chr9	3000000	3200000	20
Chr9	3200000	3400000	32
Chr9	3400000	3600000	25
Chr9	3600000	3800000	27
Chr9	3800000	4000000	36
Chr9	4000000	4200000	22
Chr9	4200000	4400000	23
Chr9	4400000	4600000	30
Chr9	4600000	4800000	28
Chr9	4800000	5000000	23
Chr9	5000000	5200000	22
Chr9	5200000	5400000	27
Chr9	5400000	5600000	29
Chr9	5600000	5800000	19
Chr9	5800000	6000000	12
Chr9	6000000	6200000	14
Chr9	6200000	6400000	18
Chr9	6400000	6600000	26
Chr9	6600000	6800000	21
Chr9	6800000	7000000	20
Chr9	7000000	7200000	22
Chr9	7200000	7400000	25
Chr9	7400000	7600000	22
Chr9	7600000	7800000	17
Chr9	7800000	8000000	23
Chr9	8000000	8200000	25
Chr9	8200000	8400000	21
Chr9	8400000	8600000	22
Chr9	8600000	8800000	29
Chr9	8800000	9000000	20
Chr9	9000000	9200000	15
Chr9	9200000	9400000	28
Chr9	9400000	9600000	20
Chr9	9600000	9800000	23
Chr9	9800000	10000000	21
Chr9	10000000	10200000	14
Chr9	10200000	10400000	22
Chr9	10400000	10600000	16
Chr9	10600000	10800000	23
Chr9	10800000	11000000	14
Chr9	11000000	11200000	16
Chr9	11200000	11400000	15
Chr9	11400000	11600000	13
Chr9	11600000	11800000	19
Chr9	11800000	12000000	16
Chr9	12000000	12200000	24
Chr9	12200000	12400000	17
Chr9	12400000	12600000	20
Chr9	12600000	12800000	24
Chr9	12800000	13000000	19
Chr9	13000000	13200000	8
Chr9	13200000	13400000	13
Chr9	13400000	13600000	11
Chr9	13600000	13800000	20
Chr9	13800000	14000000	18
Chr9	14000000	14200000	11
Chr9	14200000	14400000	18
Chr9	14400000	14600000	16
Chr9	14600000	14800000	12
Chr9	14800000	15000000	14
Chr9	15000000	15200000	16
Chr9	15200000	15400000	17
Chr9	15400000	15600000	18
Chr9	15600000	15800000	15
Chr9	15800000	16000000	23
Chr9	16000000	16200000	11
Chr9	16200000	16400000	12
Chr9	16400000	16600000	10
Chr9	16600000	16800000	20
Chr9	16800000	17000000	9
Chr9	17000000	17200000	21
Chr9	17200000	17400000	14
Chr9	17400000	17600000	6
Chr9	17600000	17800000	5
Chr9	17800000	18000000	17
Chr9	18000000	18200000	18
Chr9	18200000	18400000	15
Chr9	18400000	18600000	15
Chr9	18600000	18800000	14
Chr9	18800000	19000000	14
Chr9	19000000	19200000	15
Chr9	19200000	19400000	9
Chr9	19400000	19600000	7
Chr9	19600000	19800000	10
Chr9	19800000	20000000	11
Chr9	20000000	20200000	5
Chr9	20200000	20400000	5
Chr9	20400000	20600000	6
Chr9	20600000	20800000	1
Chr9	20800000	21000000	0
Chr9	21000000	21200000	10
Chr9	21200000	21400000	4
Chr9	21400000	21600000	7
Chr9	21600000	21800000	8
Chr9	21800000	22000000	3
Chr9	22000000	22200000	0
Chr9	22200000	22400000	0
Chr9	22400000	22600000	2
Chr9	22600000	22800000	0
Chr9	22800000	23000000	2
Chr9	23000000	23200000	1
Chr9	23200000	23400000	0
Chr9	23400000	23600000	0
Chr9	23600000	23800000	3
Chr9	23800000	24000000	1
Chr9	24000000	24200000	2
Chr9	24200000	24400000	7
Chr9	24400000	24600000	5
Chr9	24600000	24800000	1
Chr9	24800000	25000000	12
Chr9	25000000	25200000	9
Chr9	25200000	25400000	6
Chr9	25400000	25600000	6
Chr9	25600000	25800000	11
Chr9	25800000	26000000	16
Chr9	26000000	26200000	7
Chr9	26200000	26400000	12
Chr9	26400000	26600000	14
Chr9	26600000	26800000	8
Chr9	26800000	27000000	12
Chr9	27000000	27200000	8
Chr9	27200000	27400000	12
Chr9	27400000	27600000	16
Chr9	27600000	27800000	17
Chr9	27800000	28000000	14
Chr9	28000000	28200000	13
Chr9	28200000	28400000	15
Chr9	28400000	28600000	12
Chr9	28600000	28800000	14
Chr9	28800000	29000000	12
Chr9	29000000	29200000	14
Chr9	29200000	29400000	14
Chr9	29400000	29600000	17
Chr9	29600000	29800000	5
Chr9	29800000	30000000	18
Chr9	30000000	30200000	11
Chr9	30200000	30400000	13
Chr9	30400000	30600000	13
Chr9	30600000	30800000	24
Chr9	30800000	31000000	14
Chr9	31000000	31200000	4
Chr9	31200000	31400000	14
Chr9	31400000	31600000	14
Chr9	31600000	31800000	16
Chr9	31800000	32000000	7
Chr9	32000000	32200000	15
Chr9	32200000	32400000	10
Chr9	32400000	32600000	11
Chr9	32600000	32800000	10
Chr9	32800000	33000000	17
Chr9	33000000	33200000	14
Chr9	33200000	33400000	18
Chr9	33400000	33600000	16
Chr9	33600000	33800000	11
Chr9	33800000	34000000	17
Chr9	34000000	34200000	14
Chr9	34200000	34400000	15
Chr9	34400000	34600000	14
Chr9	34600000	34800000	13
Chr9	34800000	35000000	0
Chr9	35000000	35059391	0
Chr10	0	200000	7
Chr10	200000	400000	8
Chr10	400000	600000	4
Chr10	600000	800000	13
Chr10	800000	1000000	12
Chr10	1000000	1200000	20
Chr10	1200000	1400000	12
Chr10	1400000	1600000	21
Chr10	1600000	1800000	16
Chr10	1800000	2000000	11
Chr10	2000000	2200000	10
Chr10	2200000	2400000	16
Chr10	2400000	2600000	22
Chr10	2600000	2800000	12
Chr10	2800000	3000000	16
Chr10	3000000	3200000	17
Chr10	3200000	3400000	13
Chr10	3400000	3600000	19
Chr10	3600000	3800000	13
Chr10	3800000	4000000	15
Chr10	4000000	4200000	18
Chr10	4200000	4400000	16
Chr10	4400000	4600000	8
Chr10	4600000	4800000	10
Chr10	4800000	5000000	14
Chr10	5000000	5200000	16
Chr10	5200000	5400000	6
Chr10	5400000	5600000	19
Chr10	5600000	5800000	22
Chr10	5800000	6000000	16
Chr10	6000000	6200000	15
Chr10	6200000	6400000	17
Chr10	6400000	6600000	8
Chr10	6600000	6800000	10
Chr10	6800000	7000000	14
Chr10	7000000	7200000	21
Chr10	7200000	7400000	20
Chr10	7400000	7600000	16
Chr10	7600000	7800000	15
Chr10	7800000	8000000	11
Chr10	8000000	8200000	14
Chr10	8200000	8400000	17
Chr10	8400000	8600000	12
Chr10	8600000	8800000	13
Chr10	8800000	9000000	8
Chr10	9000000	9200000	15
Chr10	9200000	9400000	10
Chr10	9400000	9600000	15
Chr10	9600000	9800000	7
Chr10	9800000	10000000	7
Chr10	10000000	10200000	11
Chr10	10200000	10400000	5
Chr10	10400000	10600000	9
Chr10	10600000	10800000	13
Chr10	10800000	11000000	8
Chr10	11000000	11200000	14
Chr10	11200000	11400000	13
Chr10	11400000	11600000	12
Chr10	11600000	11800000	12
Chr10	11800000	12000000	18
Chr10	12000000	12200000	16
Chr10	12200000	12400000	22
Chr10	12400000	12600000	7
Chr10	12600000	12800000	17
Chr10	12800000	13000000	12
Chr10	13000000	13200000	10
Chr10	13200000	13400000	13
Chr10	13400000	13600000	10
Chr10	13600000	13800000	3
Chr10	13800000	14000000	6
Chr10	14000000	14200000	9
Chr10	14200000	14400000	8
Chr10	14400000	14600000	3
Chr10	14600000	14800000	12
Chr10	14800000	15000000	5
Chr10	15000000	15200000	0
Chr10	15200000	15400000	2
Chr10	15400000	15600000	0
Chr10	15600000	15800000	0
Chr10	15800000	16000000	2
Chr10	16000000	16200000	3
Chr10	16200000	16400000	1
Chr10	16400000	16600000	0
Chr10	16600000	16800000	1
Chr10	16800000	17000000	3
Chr10	17000000	17200000	4
Chr10	17200000	17400000	2
Chr10	17400000	17600000	1
Chr10	17600000	17800000	4
Chr10	17800000	18000000	2
Chr10	18000000	18200000	0
Chr10	18200000	18400000	4
Chr10	18400000	18600000	1
Chr10	18600000	18800000	6
Chr10	18800000	19000000	12
Chr10	19000000	19200000	6
Chr10	19200000	19400000	9
Chr10	19400000	19600000	5
Chr10	19600000	19800000	8
Chr10	19800000	20000000	9
Chr10	20000000	20200000	14
Chr10	20200000	20400000	13
Chr10	20400000	20600000	10
Chr10	20600000	20800000	12
Chr10	20800000	21000000	9
Chr10	21000000	21200000	11
Chr10	21200000	21400000	13
Chr10	21400000	21600000	11
Chr10	21600000	21800000	12
Chr10	21800000	22000000	16
Chr10	22000000	22200000	8
Chr10	22200000	22400000	20
Chr10	22400000	22600000	13
Chr10	22600000	22800000	21
Chr10	22800000	23000000	12
Chr10	23000000	23200000	11
Chr10	23200000	23400000	12
Chr10	23400000	23600000	19
Chr10	23600000	23800000	14
Chr10	23800000	24000000	15
Chr10	24000000	24200000	12
Chr10	24200000	24400000	17
Chr10	24400000	24600000	11
Chr10	24600000	24800000	14
Chr10	24800000	25000000	10
Chr10	25000000	25200000	8
Chr10	25200000	25400000	22
Chr10	25400000	25600000	15
Chr10	25600000	25800000	20
Chr10	25800000	26000000	12
Chr10	26000000	26200000	24
Chr10	26200000	26400000	12
Chr10	26400000	26600000	21
Chr10	26600000	26800000	20
Chr10	26800000	27000000	16
Chr10	27000000	27200000	17
Chr10	27200000	27400000	22
Chr10	27400000	27600000	17
Chr10	27600000	27800000	7
Chr10	27800000	28000000	21
Chr10	28000000	28200000	17
Chr10	28200000	28400000	20
Chr10	28400000	28600000	19
Chr10	28600000	28800000	15
Chr10	28800000	29000000	16
Chr10	29000000	29200000	21
Chr10	29200000	29400000	17
Chr10	29400000	29600000	20
Chr10	29600000	29800000	26
Chr10	29800000	30000000	27
Chr10	30000000	30200000	19
Chr10	30200000	30400000	16
Chr10	30400000	30600000	18
Chr10	30600000	30800000	22
Chr10	30800000	31000000	24
Chr10	31000000	31200000	9
Chr10	31200000	31400000	19
Chr10	31400000	31600000	22
Chr10	31600000	31800000	15
Chr10	31800000	32000000	17
Chr10	32000000	32200000	10
Chr10	32200000	32400000	11
Chr10	32400000	32600000	17
Chr10	32600000	32800000	15
Chr10	32800000	33000000	23
Chr10	33000000	33200000	22
Chr10	33200000	33400000	19
Chr10	33400000	33600000	22
Chr10	33600000	33800000	14
Chr10	33800000	34000000	20
Chr10	34000000	34200000	20
Chr10	34200000	34400000	16
Chr10	34400000	34600000	15
Chr10	34600000	34800000	22
Chr10	34800000	35000000	16
Chr10	35000000	35200000	21
Chr10	35200000	35400000	20
Chr10	35400000	35600000	26
Chr10	35600000	35800000	16
Chr10	35800000	36000000	17
Chr10	36000000	36200000	12
Chr10	36200000	36400000	20
Chr10	36400000	36600000	24
Chr10	36600000	36800000	21
Chr10	36800000	37000000	19
Chr10	37000000	37200000	21
Chr10	37200000	37400000	17
Chr10	37400000	37600000	25
Chr10	37600000	37800000	32
Chr10	37800000	38000000	19
Chr10	38000000	38200000	17
Chr10	38200000	38400000	21
Chr10	38400000	38600000	21
Chr10	38600000	38800000	30
Chr10	38800000	39000000	25
Chr10	39000000	39200000	27
Chr10	39200000	39400000	24
Chr10	39400000	39600000	25
Chr10	39600000	39800000	22
Chr10	39800000	40000000	30
Chr10	40000000	40200000	17
Chr10	40200000	40400000	28
Chr10	40400000	40600000	28
Chr10	40600000	40800000	11
Chr10	40800000	41000000	12
Chr10	41000000	41200000	25
Chr10	41200000	41400000	20
Chr10	41400000	41600000	13
Chr10	41600000	41800000	26
Chr10	41800000	42000000	17
Chr10	42000000	42200000	31
Chr10	42200000	42400000	33
Chr10	42400000	42600000	29
Chr10	42600000	42800000	34
Chr10	42800000	43000000	25
Chr10	43000000	43200000	21
Chr10	43200000	43400000	26
Chr10	43400000	43600000	24
Chr10	43600000	43700000	12
Chr11	0	200000	17
Chr11	200000	400000	20
Chr11	400000	600000	18
Chr11	600000	800000	28
Chr11	800000	1000000	12
Chr11	1000000	1200000	21
Chr11	1200000	1400000	15
Chr11	1400000	1600000	14
Chr11	1600000	1800000	20
Chr11	1800000	2000000	16
Chr11	2000000	2200000	23
Chr11	2200000	2400000	17
Chr11	2400000	2600000	18
Chr11	2600000	2800000	23
Chr11	2800000	3000000	17
Chr11	3000000	3200000	25
Chr11	3200000	3400000	15
Chr11	3400000	3600000	20
Chr11	3600000	3800000	24
Chr11	3800000	4000000	18
Chr11	4000000	4200000	15
Chr11	4200000	4400000	20
Chr11	4400000	4600000	15
Chr11	4600000	4800000	17
Chr11	4800000	5000000	15
Chr11	5000000	5200000	21
Chr11	5200000	5400000	14
Chr11	5400000	5600000	18
Chr11	5600000	5800000	21
Chr11	5800000	6000000	15
Chr11	6000000	6200000	24
Chr11	6200000	6400000	14
Chr11	6400000	6600000	23
Chr11	6600000	6800000	22
Chr11	6800000	7000000	21
Chr11	7000000	7200000	17
Chr11	7200000	7400000	24
Chr11	7400000	7600000	18
Chr11	7600000	7800000	21
Chr11	7800000	8000000	14
Chr11	8000000	8200000	18
Chr11	8200000	8400000	24
Chr11	8400000	8600000	19
Chr11	8600000	8800000	13
Chr11	8800000	9000000	12
Chr11	9000000	9200000	15
Chr11	9200000	9400000	17
Chr11	9400000	9600000	16
Chr11	9600000	9800000	14
Chr11	9800000	10000000	20
Chr11	10000000	10200000	15
Chr11	10200000	10400000	20
Chr11	10400000	10600000	16
Chr11	10600000	10800000	19
Chr11	10800000	11000000	15
Chr11	11000000	11200000	4
Chr11	11200000	11400000	15
Chr11	11400000	11600000	19
Chr11	11600000	11800000	11
Chr11	11800000	12000000	12
Chr11	12000000	12200000	18
Chr11	12200000	12400000	16
Chr11	12400000	12600000	26
Chr11	12600000	12800000	18
Chr11	12800000	13000000	7
Chr11	13000000	13200000	17
Chr11	13200000	13400000	15
Chr11	13400000	13600000	18
Chr11	13600000	13800000	9
Chr11	13800000	14000000	8
Chr11	14000000	14200000	13
Chr11	14200000	14400000	15
Chr11	14400000	14600000	12
Chr11	14600000	14800000	14
Chr11	14800000	15000000	14
Chr11	15000000	15200000	16
Chr11	15200000	15400000	18
Chr11	15400000	15600000	17
Chr11	15600000	15800000	10
Chr11	15800000	16000000	12
Chr11	16000000	16200000	15
Chr11	16200000	16400000	19
Chr11	16400000	16600000	13
Chr11	16600000	16800000	10
Chr11	16800000	17000000	11
Chr11	17000000	17200000	6
Chr11	17200000	17400000	9
Chr11	17400000	17600000	10
Chr11	17600000	17800000	6
Chr11	17800000	18000000	11
Chr11	18000000	18200000	17
Chr11	18200000	18400000	10
Chr11	18400000	18600000	12
Chr11	18600000	18800000	8
Chr11	18800000	19000000	11
Chr11	19000000	19200000	8
Chr11	19200000	19400000	9
Chr11	19400000	19600000	9
Chr11	19600000	19800000	11
Chr11	19800000	20000000	9
Chr11	20000000	20200000	15
Chr11	20200000	20400000	12
Chr11	20400000	20600000	14
Chr11	20600000	20800000	10
Chr11	20800000	21000000	7
Chr11	21000000	21200000	1
Chr11	21200000	21400000	2
Chr11	21400000	21600000	1
Chr11	21600000	21800000	1
Chr11	21800000	22000000	1
Chr11	22000000	22200000	0
Chr11	22200000	22400000	3
Chr11	22400000	22600000	4
Chr11	22600000	22800000	13
Chr11	22800000	23000000	16
Chr11	23000000	23200000	5
Chr11	23200000	23400000	7
Chr11	23400000	23600000	7
Chr11	23600000	23800000	8
Chr11	23800000	24000000	4
Chr11	24000000	24200000	12
Chr11	24200000	24400000	15
Chr11	24400000	24600000	13
Chr11	24600000	24800000	11
Chr11	24800000	25000000	18
Chr11	25000000	25200000	11
Chr11	25200000	25400000	16
Chr11	25400000	25600000	9
Chr11	25600000	25800000	15
Chr11	25800000	26000000	12
Chr11	26000000	26200000	15
Chr11	26200000	26400000	12
Chr11	26400000	26600000	17
Chr11	26600000	26800000	24
Chr11	26800000	27000000	7
Chr11	27000000	27200000	9
Chr11	27200000	27400000	10
Chr11	27400000	27600000	19
Chr11	27600000	27800000	20
Chr11	27800000	28000000	8
Chr11	28000000	28200000	13
Chr11	28200000	28400000	13
Chr11	28400000	28600000	16
Chr11	28600000	28800000	13
Chr11	28800000	29000000	20
Chr11	29000000	29200000	5
Chr11	29200000	29400000	20
Chr11	29400000	29600000	17
Chr11	29600000	29800000	14
Chr11	29800000	30000000	13
Chr11	30000000	30200000	19
Chr11	30200000	30400000	15
Chr11	30400000	30600000	12
Chr11	30600000	30800000	14
Chr11	30800000	31000000	14
Chr11	31000000	31200000	15
Chr11	31200000	31400000	16
Chr11	31400000	31600000	8
Chr11	31600000	31800000	13
Chr11	31800000	32000000	11
Chr11	32000000	32200000	15
Chr11	32200000	32400000	23
Chr11	32400000	32600000	17
Chr11	32600000	32800000	13
Chr11	32800000	33000000	17
Chr11	33000000	33200000	12
Chr11	33200000	33400000	7
Chr11	33400000	33600000	13
Chr11	33600000	33800000	24
Chr11	33800000	34000000	13
Chr11	34000000	34200000	21
Chr11	34200000	34400000	26
Chr11	34400000	34600000	21
Chr11	34600000	34800000	17
Chr11	34800000	35000000	18
Chr11	35000000	35200000	16
Chr11	35200000	35400000	12
Chr11	35400000	35600000	17
Chr11	35600000	35800000	18
Chr11	35800000	36000000	20
Chr11	36000000	36200000	17
Chr11	36200000	36400000	21
Chr11	36400000	36600000	20
Chr11	36600000	36800000	15
Chr11	36800000	37000000	10
Chr11	37000000	37200000	27
Chr11	37200000	37400000	21
Chr11	37400000	37600000	24
Chr11	37600000	37800000	20
Chr11	37800000	38000000	28
Chr11	38000000	38200000	27
Chr11	38200000	38400000	20
Chr11	38400000	38600000	22
Chr11	38600000	38800000	26
Chr11	38800000	39000000	30
Chr11	39000000	39200000	13
Chr11	39200000	39400000	30
Chr11	39400000	39600000	19
Chr11	39600000	39651545	3
Chr12	0	200000	13
Chr12	200000	400000	20
Chr12	400000	600000	23
Chr12	600000	800000	27
Chr12	800000	1000000	22
Chr12	1000000	1200000	24
Chr12	1200000	1400000	19
Chr12	1400000	1600000	18
Chr12	1600000	1800000	17
Chr12	1800000	2000000	15
Chr12	2000000	2200000	17
Chr12	2200000	2400000	14
Chr12	2400000	2600000	25
Chr12	2600000	2800000	13
Chr12	2800000	3000000	12
Chr12	3000000	3200000	23
Chr12	3200000	3400000	17
Chr12	3400000	3600000	11
Chr12	3600000	3800000	21
Chr12	3800000	4000000	14
Chr12	4000000	4200000	16
Chr12	4200000	4400000	13
Chr12	4400000	4600000	17
Chr12	4600000	4800000	20
Chr12	4800000	5000000	9
Chr12	5000000	5200000	15
Chr12	5200000	5400000	17
Chr12	5400000	5600000	17
Chr12	5600000	5800000	16
Chr12	5800000	6000000	19
Chr12	6000000	6200000	13
Chr12	6200000	6400000	18
Chr12	6400000	6600000	12
Chr12	6600000	6800000	18
Chr12	6800000	7000000	13
Chr12	7000000	7200000	14
Chr12	7200000	7400000	12
Chr12	7400000	7600000	13
Chr12	7600000	7800000	10
Chr12	7800000	8000000	14
Chr12	8000000	8200000	11
Chr12	8200000	8400000	13
Chr12	8400000	8600000	13
Chr12	8600000	8800000	13
Chr12	8800000	9000000	11
Chr12	9000000	9200000	7
Chr12	9200000	9400000	9
Chr12	9400000	9600000	6
Chr12	9600000	9800000	4
Chr12	9800000	10000000	12
Chr12	10000000	10200000	15
Chr12	10200000	10400000	17
Chr12	10400000	10600000	11
Chr12	10600000	10800000	12
Chr12	10800000	11000000	8
Chr12	11000000	11200000	8
Chr12	11200000	11400000	15
Chr12	11400000	11600000	7
Chr12	11600000	11800000	6
Chr12	11800000	12000000	8
Chr12	12000000	12200000	7
Chr12	12200000	12400000	4
Chr12	12400000	12600000	6
Chr12	12600000	12800000	7
Chr12	12800000	13000000	3
Chr12	13000000	13200000	0
Chr12	13200000	13400000	1
Chr12	13400000	13600000	3
Chr12	13600000	13800000	1
Chr12	13800000	14000000	6
Chr12	14000000	14200000	3
Chr12	14200000	14400000	2
Chr12	14400000	14600000	0
Chr12	14600000	14800000	0
Chr12	14800000	15000000	1
Chr12	15000000	15200000	2
Chr12	15200000	15400000	1
Chr12	15400000	15600000	14
Chr12	15600000	15800000	16
Chr12	15800000	16000000	11
Chr12	16000000	16200000	13
Chr12	16200000	16400000	8
Chr12	16400000	16600000	12
Chr12	16600000	16800000	11
Chr12	16800000	17000000	15
Chr12	17000000	17200000	11
Chr12	17200000	17400000	12
Chr12	17400000	17600000	16
Chr12	17600000	17800000	15
Chr12	17800000	18000000	14
Chr12	18000000	18200000	10
Chr12	18200000	18400000	16
Chr12	18400000	18600000	18
Chr12	18600000	18800000	8
Chr12	18800000	19000000	18
Chr12	19000000	19200000	15
Chr12	19200000	19400000	17
Chr12	19400000	19600000	24
Chr12	19600000	19800000	16
Chr12	19800000	20000000	16
Chr12	20000000	20200000	15
Chr12	20200000	20400000	16
Chr12	20400000	20600000	15
Chr12	20600000	20800000	19
Chr12	20800000	21000000	18
Chr12	21000000	21200000	20
Chr12	21200000	21400000	22
Chr12	21400000	21600000	17
Chr12	21600000	21800000	15
Chr12	21800000	22000000	11
Chr12	22000000	22200000	10
Chr12	22200000	22400000	19
Chr12	22400000	22600000	19
Chr12	22600000	22800000	19
Chr12	22800000	23000000	21
Chr12	23000000	23200000	23
Chr12	23200000	23400000	14
Chr12	23400000	23600000	9
Chr12	23600000	23800000	19
Chr12	23800000	24000000	20
Chr12	24000000	24200000	22
Chr12	24200000	24400000	18
Chr12	24400000	24600000	20
Chr12	24600000	24800000	16
Chr12	24800000	25000000	16
Chr12	25000000	25200000	18
Chr12	25200000	25400000	22
Chr12	25400000	25600000	14
Chr12	25600000	25800000	17
Chr12	25800000	26000000	15
Chr12	26000000	26200000	14
Chr12	26200000	26400000	23
Chr12	26400000	26600000	20
Chr12	26600000	26800000	28
Chr12	26800000	27000000	26
Chr12	27000000	27200000	27
Chr12	27200000	27400000	26
Chr12	27400000	27600000	24
Chr12	27600000	27800000	30
Chr12	27800000	28000000	31
Chr12	28000000	28200000	14
Chr12	28200000	28400000	25
Chr12	28400000	28600000	19
Chr12	28600000	28800000	26
Chr12	28800000	29000000	22
Chr12	29000000	29200000	17
Chr12	29200000	29400000	17
Chr12	29400000	29600000	15
Chr12	29600000	29800000	24
Chr12	29800000	30000000	32
Chr12	30000000	30200000	26
Chr12	30200000	30400000	28
Chr12	30400000	30600000	19
Chr12	30600000	30800000	25
Chr12	30800000	31000000	19
Chr12	31000000	31200000	16
Chr12	31200000	31400000	22
Chr12	31400000	31600000	32
Chr12	31600000	31800000	23
Chr12	31800000	31915921	7
Chr13	0	200000	24
Chr13	200000	400000	28
Chr13	400000	600000	25
Chr13	600000	800000	25
Chr13	800000	1000000	26
Chr13	1000000	1200000	27
Chr13	1200000	1400000	29
Chr13	1400000	1600000	26
Chr13	1600000	1800000	29
Chr13	1800000	2000000	24
Chr13	2000000	2200000	21
Chr13	2200000	2400000	27
Chr13	2400000	2600000	24
Chr13	2600000	2800000	20
Chr13	2800000	3000000	30
Chr13	3000000	3200000	24
Chr13	3200000	3400000	19
Chr13	3400000	3600000	22
Chr13	3600000	3800000	13
Chr13	3800000	4000000	23
Chr13	4000000	4200000	19
Chr13	4200000	4400000	31
Chr13	4400000	4600000	32
Chr13	4600000	4800000	22
Chr13	4800000	5000000	26
Chr13	5000000	5200000	22
Chr13	5200000	5400000	21
Chr13	5400000	5600000	21
Chr13	5600000	5800000	28
Chr13	5800000	6000000	25
Chr13	6000000	6200000	20
Chr13	6200000	6400000	25
Chr13	6400000	6600000	18
Chr13	6600000	6800000	18
Chr13	6800000	7000000	21
Chr13	7000000	7200000	21
Chr13	7200000	7400000	17
Chr13	7400000	7600000	26
Chr13	7600000	7800000	22
Chr13	7800000	8000000	24
Chr13	8000000	8200000	22
Chr13	8200000	8400000	25
Chr13	8400000	8600000	22
Chr13	8600000	8800000	20
Chr13	8800000	9000000	16
Chr13	9000000	9200000	16
Chr13	9200000	9400000	23
Chr13	9400000	9600000	25
Chr13	9600000	9800000	23
Chr13	9800000	10000000	27
Chr13	10000000	10200000	20
Chr13	10200000	10400000	21
Chr13	10400000	10600000	18
Chr13	10600000	10800000	13
Chr13	10800000	11000000	26
Chr13	11000000	11200000	22
Chr13	11200000	11400000	24
Chr13	11400000	11600000	16
Chr13	11600000	11800000	22
Chr13	11800000	12000000	22
Chr13	12000000	12200000	13
Chr13	12200000	12400000	16
Chr13	12400000	12600000	20
Chr13	12600000	12800000	20
Chr13	12800000	13000000	17
Chr13	13000000	13200000	19
Chr13	13200000	13400000	17
Chr13	13400000	13600000	19
Chr13	13600000	13800000	27
Chr13	13800000	14000000	19
Chr13	14000000	14200000	12
Chr13	14200000	14400000	21
Chr13	14400000	14600000	17
Chr13	14600000	14800000	10
Chr13	14800000	15000000	24
Chr13	15000000	15200000	21
Chr13	15200000	15400000	10
Chr13	15400000	15600000	13
Chr13	15600000	15800000	8
Chr13	15800000	16000000	16
Chr13	16000000	16200000	7
Chr13	16200000	16400000	16
Chr13	16400000	16600000	12
Chr13	16600000	16800000	11
Chr13	16800000	17000000	15
Chr13	17000000	17200000	18
Chr13	17200000	17400000	9
Chr13	17400000	17600000	18
Chr13	17600000	17800000	17
Chr13	17800000	18000000	12
Chr13	18000000	18200000	15
Chr13	18200000	18400000	16
Chr13	18400000	18600000	14
Chr13	18600000	18800000	20
Chr13	18800000	19000000	19
Chr13	19000000	19200000	9
Chr13	19200000	19400000	17
Chr13	19400000	19600000	14
Chr13	19600000	19800000	11
Chr13	19800000	20000000	15
Chr13	20000000	20200000	14
Chr13	20200000	20400000	12
Chr13	20400000	20600000	11
Chr13	20600000	20800000	12
Chr13	20800000	21000000	5
Chr13	21000000	21200000	11
Chr13	21200000	21400000	16
Chr13	21400000	21600000	13
Chr13	21600000	21800000	7
Chr13	21800000	22000000	10
Chr13	22000000	22200000	10
Chr13	22200000	22400000	14
Chr13	22400000	22600000	4
Chr13	22600000	22800000	8
Chr13	22800000	23000000	8
Chr13	23000000	23200000	15
Chr13	23200000	23400000	11
Chr13	23400000	23600000	7
Chr13	23600000	23800000	8
Chr13	23800000	24000000	6
Chr13	24000000	24200000	12
Chr13	24200000	24400000	4
Chr13	24400000	24600000	5
Chr13	24600000	24800000	4
Chr13	24800000	25000000	10
Chr13	25000000	25200000	8
Chr13	25200000	25400000	5
Chr13	25400000	25600000	7
Chr13	25600000	25800000	5
Chr13	25800000	26000000	3
Chr13	26000000	26200000	5
Chr13	26200000	26400000	1
Chr13	26400000	26600000	6
Chr13	26600000	26800000	6
Chr13	26800000	27000000	6
Chr13	27000000	27200000	2
Chr13	27200000	27400000	5
Chr13	27400000	27600000	5
Chr13	27600000	27800000	4
Chr13	27800000	28000000	3
Chr13	28000000	28200000	1
Chr13	28200000	28400000	1
Chr13	28400000	28600000	3
Chr13	28600000	28800000	2
Chr13	28800000	29000000	5
Chr13	29000000	29200000	3
Chr13	29200000	29400000	0
Chr13	29400000	29600000	2
Chr13	29600000	29800000	2
Chr13	29800000	30000000	1
Chr13	30000000	30200000	1
Chr13	30200000	30400000	4
Chr13	30400000	30600000	3
Chr13	30600000	30800000	2
Chr13	30800000	31000000	3
Chr13	31000000	31200000	0
Chr13	31200000	31400000	0
Chr13	31400000	31600000	0
Chr13	31600000	31800000	0
Chr13	31800000	32000000	0
Chr13	32000000	32200000	1
Chr13	32200000	32400000	4
Chr13	32400000	32600000	3
Chr13	32600000	32800000	7
Chr13	32800000	33000000	4
Chr13	33000000	33200000	2
Chr13	33200000	33400000	7
Chr13	33400000	33600000	6
Chr13	33600000	33800000	6
Chr13	33800000	34000000	4
Chr13	34000000	34200000	6
Chr13	34200000	34400000	2
Chr13	34400000	34600000	3
Chr13	34600000	34800000	4
Chr13	34800000	35000000	1
Chr13	35000000	35200000	1
Chr13	35200000	35400000	3
Chr13	35400000	35600000	5
Chr13	35600000	35800000	1
Chr13	35800000	36000000	3
Chr13	36000000	36200000	2
Chr13	36200000	36400000	3
Chr13	36400000	36600000	2
Chr13	36600000	36800000	3
Chr13	36800000	37000000	7
Chr13	37000000	37200000	4
Chr13	37200000	37400000	5
Chr13	37400000	37600000	9
Chr13	37600000	37800000	3
Chr13	37800000	38000000	5
Chr13	38000000	38200000	4
Chr13	38200000	38400000	2
Chr13	38400000	38600000	2
Chr13	38600000	38800000	0
Chr13	38800000	39000000	1
Chr13	39000000	39200000	5
Chr13	39200000	39400000	4
Chr13	39400000	39600000	4
Chr13	39600000	39800000	2
Chr13	39800000	40000000	3
Chr13	40000000	40200000	4
Chr13	40200000	40400000	7
Chr13	40400000	40600000	6
Chr13	40600000	40800000	3
Chr13	40800000	41000000	7
Chr13	41000000	41200000	7
Chr13	41200000	41400000	8
Chr13	41400000	41600000	9
Chr13	41600000	41800000	9
Chr13	41800000	42000000	8
Chr13	42000000	42200000	12
Chr13	42200000	42400000	6
Chr13	42400000	42600000	0
Chr13	42600000	42800000	6
Chr13	42800000	43000000	5
Chr13	43000000	43197690	2
Chr14	0	200000	19
Chr14	200000	400000	28
Chr14	400000	600000	23
Chr14	600000	800000	14
Chr14	800000	1000000	10
Chr14	1000000	1200000	20
Chr14	1200000	1400000	18
Chr14	1400000	1600000	13
Chr14	1600000	1800000	22
Chr14	1800000	2000000	16
Chr14	2000000	2200000	16
Chr14	2200000	2400000	15
Chr14	2400000	2600000	18
Chr14	2600000	2800000	25
Chr14	2800000	3000000	19
Chr14	3000000	3200000	16
Chr14	3200000	3400000	23
Chr14	3400000	3600000	14
Chr14	3600000	3800000	19
Chr14	3800000	4000000	18
Chr14	4000000	4200000	22
Chr14	4200000	4400000	13
Chr14	4400000	4600000	18
Chr14	4600000	4800000	19
Chr14	4800000	5000000	14
Chr14	5000000	5200000	16
Chr14	5200000	5400000	13
Chr14	5400000	5600000	17
Chr14	5600000	5800000	12
Chr14	5800000	6000000	9
Chr14	6000000	6200000	20
Chr14	6200000	6400000	22
Chr14	6400000	6600000	16
Chr14	6600000	6800000	14
Chr14	6800000	7000000	16
Chr14	7000000	7200000	14
Chr14	7200000	7400000	12
Chr14	7400000	7600000	22
Chr14	7600000	7800000	12
Chr14	7800000	8000000	13
Chr14	8000000	8200000	14
Chr14	8200000	8400000	10
Chr14	8400000	8600000	16
Chr14	8600000	8800000	12
Chr14	8800000	9000000	11
Chr14	9000000	9200000	12
Chr14	9200000	9400000	15
Chr14	9400000	9600000	15
Chr14	9600000	9800000	14
Chr14	9800000	10000000	12
Chr14	10000000	10200000	11
Chr14	10200000	10400000	9
Chr14	10400000	10600000	16
Chr14	10600000	10800000	17
Chr14	10800000	11000000	5
Chr14	11000000	11200000	9
Chr14	11200000	11400000	8
Chr14	11400000	11600000	10
Chr14	11600000	11800000	9
Chr14	11800000	12000000	3
Chr14	12000000	12200000	5
Chr14	12200000	12400000	4
Chr14	12400000	12600000	8
Chr14	12600000	12800000	9
Chr14	12800000	13000000	7
Chr14	13000000	13200000	4
Chr14	13200000	13400000	0
Chr14	13400000	13600000	1
Chr14	13600000	13800000	1
Chr14	13800000	14000000	1
Chr14	14000000	14200000	0
Chr14	14200000	14400000	1
Chr14	14400000	14600000	2
Chr14	14600000	14800000	0
Chr14	14800000	15000000	0
Chr14	15000000	15200000	0
Chr14	15200000	15400000	1
Chr14	15400000	15600000	8
Chr14	15600000	15800000	7
Chr14	15800000	16000000	8
Chr14	16000000	16200000	11
Chr14	16200000	16400000	12
Chr14	16400000	16600000	11
Chr14	16600000	16800000	13
Chr14	16800000	17000000	12
Chr14	17000000	17200000	12
Chr14	17200000	17400000	11
Chr14	17400000	17600000	9
Chr14	17600000	17800000	14
Chr14	17800000	18000000	18
Chr14	18000000	18200000	12
Chr14	18200000	18400000	13
Chr14	18400000	18600000	17
Chr14	18600000	18800000	6
Chr14	18800000	19000000	10
Chr14	19000000	19200000	16
Chr14	19200000	19400000	12
Chr14	19400000	19600000	7
Chr14	19600000	19800000	13
Chr14	19800000	20000000	15
Chr14	20000000	20200000	10
Chr14	20200000	20400000	17
Chr14	20400000	20600000	11
Chr14	20600000	20800000	15
Chr14	20800000	21000000	18
Chr14	21000000	21200000	18
Chr14	21200000	21400000	17
Chr14	21400000	21600000	17
Chr14	21600000	21800000	9
Chr14	21800000	22000000	11
Chr14	22000000	22200000	7
Chr14	22200000	22400000	12
Chr14	22400000	22600000	14
Chr14	22600000	22800000	11
Chr14	22800000	23000000	17
Chr14	23000000	23200000	18
Chr14	23200000	23400000	18
Chr14	23400000	23600000	22
Chr14	23600000	23800000	13
Chr14	23800000	24000000	25
Chr14	24000000	24200000	19
Chr14	24200000	24400000	17
Chr14	24400000	24600000	21
Chr14	24600000	24800000	12
Chr14	24800000	25000000	10
Chr14	25000000	25200000	19
Chr14	25200000	25400000	21
Chr14	25400000	25600000	19
Chr14	25600000	25800000	32
Chr14	25800000	26000000	14
Chr14	26000000	26200000	26
Chr14	26200000	26400000	16
Chr14	26400000	26600000	22
Chr14	26600000	26800000	21
Chr14	26800000	27000000	17
Chr14	27000000	27200000	13
Chr14	27200000	27400000	28
Chr14	27400000	27600000	26
Chr14	27600000	27800000	24
Chr14	27800000	28000000	20
Chr14	28000000	28200000	24
Chr14	28200000	28400000	21
Chr14	28400000	28600000	23
Chr14	28600000	28800000	18
Chr14	28800000	29000000	18
Chr14	29000000	29200000	22
Chr14	29200000	29400000	32
Chr14	29400000	29600000	21
Chr14	29600000	29800000	31
Chr14	29800000	30000000	30
Chr14	30000000	30200000	24
Chr14	30200000	30400000	25
Chr14	30400000	30600000	30
Chr14	30600000	30800000	29
Chr14	30800000	31000000	18
Chr14	31000000	31200000	25
Chr14	31200000	31400000	20
Chr14	31400000	31600000	18
Chr14	31600000	31800000	22
Chr14	31800000	32000000	29
Chr14	32000000	32136955	18
Chr15	0	200000	27
Chr15	200000	400000	31
Chr15	400000	600000	28
Chr15	600000	800000	30
Chr15	800000	1000000	27
Chr15	1000000	1200000	21
Chr15	1200000	1400000	18
Chr15	1400000	1600000	36
Chr15	1600000	1800000	21
Chr15	1800000	2000000	27
Chr15	2000000	2200000	22
Chr15	2200000	2400000	28
Chr15	2400000	2600000	21
Chr15	2600000	2800000	36
Chr15	2800000	3000000	22
Chr15	3000000	3200000	25
Chr15	3200000	3400000	27
Chr15	3400000	3600000	23
Chr15	3600000	3800000	19
Chr15	3800000	4000000	23
Chr15	4000000	4200000	26
Chr15	4200000	4400000	25
Chr15	4400000	4600000	29
Chr15	4600000	4800000	28
Chr15	4800000	5000000	28
Chr15	5000000	5200000	26
Chr15	5200000	5400000	20
Chr15	5400000	5600000	23
Chr15	5600000	5800000	25
Chr15	5800000	6000000	18
Chr15	6000000	6200000	18
Chr15	6200000	6400000	22
Chr15	6400000	6600000	27
Chr15	6600000	6800000	22
Chr15	6800000	7000000	24
Chr15	7000000	7200000	31
Chr15	7200000	7400000	19
Chr15	7400000	7600000	22
Chr15	7600000	7800000	19
Chr15	7800000	8000000	20
Chr15	8000000	8200000	19
Chr15	8200000	8400000	24
Chr15	8400000	8600000	33
Chr15	8600000	8800000	29
Chr15	8800000	9000000	23
Chr15	9000000	9200000	22
Chr15	9200000	9400000	20
Chr15	9400000	9600000	24
Chr15	9600000	9800000	28
Chr15	9800000	10000000	25
Chr15	10000000	10200000	30
Chr15	10200000	10400000	20
Chr15	10400000	10600000	24
Chr15	10600000	10800000	22
Chr15	10800000	11000000	26
Chr15	11000000	11200000	23
Chr15	11200000	11400000	22
Chr15	11400000	11600000	20
Chr15	11600000	11800000	20
Chr15	11800000	12000000	16
Chr15	12000000	12200000	32
Chr15	12200000	12400000	26
Chr15	12400000	12600000	17
Chr15	12600000	12800000	27
Chr15	12800000	13000000	20
Chr15	13000000	13200000	21
Chr15	13200000	13400000	24
Chr15	13400000	13600000	23
Chr15	13600000	13800000	10
Chr15	13800000	14000000	17
Chr15	14000000	14200000	25
Chr15	14200000	14400000	25
Chr15	14400000	14600000	20
Chr15	14600000	14800000	25
Chr15	14800000	15000000	18
Chr15	15000000	15200000	22
Chr15	15200000	15400000	24
Chr15	15400000	15600000	18
Chr15	15600000	15800000	21
Chr15	15800000	16000000	24
Chr15	16000000	16200000	25
Chr15	16200000	16400000	16
Chr15	16400000	16600000	21
Chr15	16600000	16800000	15
Chr15	16800000	17000000	16
Chr15	17000000	17200000	21
Chr15	17200000	17400000	23
Chr15	17400000	17600000	25
Chr15	17600000	17800000	11
Chr15	17800000	18000000	17
Chr15	18000000	18200000	11
Chr15	18200000	18400000	14
Chr15	18400000	18600000	25
Chr15	18600000	18800000	15
Chr15	18800000	19000000	19
Chr15	19000000	19200000	11
Chr15	19200000	19400000	18
Chr15	19400000	19600000	11
Chr15	19600000	19800000	17
Chr15	19800000	20000000	16
Chr15	20000000	20200000	14
Chr15	20200000	20400000	10
Chr15	20400000	20600000	8
Chr15	20600000	20800000	21
Chr15	20800000	21000000	14
Chr15	21000000	21200000	16
Chr15	21200000	21400000	10
Chr15	21400000	21600000	15
Chr15	21600000	21800000	12
Chr15	21800000	22000000	16
Chr15	22000000	22200000	13
Chr15	22200000	22400000	16
Chr15	22400000	22600000	11
Chr15	22600000	22800000	11
Chr15	22800000	23000000	16
Chr15	23000000	23200000	12
Chr15	23200000	23400000	12
Chr15	23400000	23600000	15
Chr15	23600000	23800000	11
Chr15	23800000	24000000	14
Chr15	24000000	24200000	22
Chr15	24200000	24400000	10
Chr15	24400000	24600000	8
Chr15	24600000	24800000	5
Chr15	24800000	25000000	11
Chr15	25000000	25200000	11
Chr15	25200000	25400000	9
Chr15	25400000	25600000	7
Chr15	25600000	25800000	8
Chr15	25800000	26000000	4
Chr15	26000000	26200000	9
Chr15	26200000	26400000	9
Chr15	26400000	26600000	13
Chr15	26600000	26800000	13
Chr15	26800000	27000000	8
Chr15	27000000	27200000	12
Chr15	27200000	27400000	9
Chr15	27400000	27600000	14
Chr15	27600000	27800000	10
Chr15	27800000	28000000	12
Chr15	28000000	28200000	13
Chr15	28200000	28400000	8
Chr15	28400000	28600000	5
Chr15	28600000	28800000	21
Chr15	28800000	29000000	9
Chr15	29000000	29200000	7
Chr15	29200000	29400000	5
Chr15	29400000	29600000	10
Chr15	29600000	29800000	6
Chr15	29800000	30000000	5
Chr15	30000000	30200000	16
Chr15	30200000	30400000	15
Chr15	30400000	30600000	13
Chr15	30600000	30800000	17
Chr15	30800000	31000000	7
Chr15	31000000	31200000	14
Chr15	31200000	31400000	7
Chr15	31400000	31600000	12
Chr15	31600000	31800000	10
Chr15	31800000	32000000	12
Chr15	32000000	32200000	11
Chr15	32200000	32400000	9
Chr15	32400000	32600000	7
Chr15	32600000	32800000	1
Chr15	32800000	33000000	0
Chr15	33000000	33200000	1
Chr15	33200000	33400000	0
Chr15	33400000	33600000	0
Chr15	33600000	33800000	2
Chr15	33800000	34000000	0
Chr15	34000000	34200000	1
Chr15	34200000	34400000	8
Chr15	34400000	34600000	7
Chr15	34600000	34800000	5
Chr15	34800000	35000000	8
Chr15	35000000	35200000	11
Chr15	35200000	35400000	11
Chr15	35400000	35600000	3
Chr15	35600000	35800000	9
Chr15	35800000	36000000	7
Chr15	36000000	36200000	9
Chr15	36200000	36400000	10
Chr15	36400000	36600000	12
Chr15	36600000	36800000	8
Chr15	36800000	37000000	4
Chr15	37000000	37200000	11
Chr15	37200000	37400000	12
Chr15	37400000	37600000	15
Chr15	37600000	37800000	15
Chr15	37800000	38000000	9
Chr15	38000000	38200000	14
Chr15	38200000	38400000	5
Chr15	38400000	38600000	11
Chr15	38600000	38800000	7
Chr15	38800000	39000000	14
Chr15	39000000	39200000	9
Chr15	39200000	39400000	16
Chr15	39400000	39600000	18
Chr15	39600000	39800000	7
Chr15	39800000	40000000	14
Chr15	40000000	40200000	17
Chr15	40200000	40400000	15
Chr15	40400000	40600000	12
Chr15	40600000	40800000	11
Chr15	40800000	41000000	5
Chr15	41000000	41200000	14
Chr15	41200000	41400000	12
Chr15	41400000	41600000	11
Chr15	41600000	41800000	14
Chr15	41800000	42000000	8
Chr15	42000000	42200000	15
Chr15	42200000	42400000	16
Chr15	42400000	42600000	9
Chr15	42600000	42800000	8
Chr15	42800000	43000000	17
Chr15	43000000	43200000	9
Chr15	43200000	43400000	15
Chr15	43400000	43600000	15
Chr15	43600000	43800000	18
Chr15	43800000	44000000	18
Chr15	44000000	44200000	12
Chr15	44200000	44400000	18
Chr15	44400000	44600000	23
Chr15	44600000	44800000	16
Chr15	44800000	45000000	17
Chr15	45000000	45200000	17
Chr15	45200000	45400000	8
Chr15	45400000	45600000	15
Chr15	45600000	45800000	21
Chr15	45800000	46000000	15
Chr15	46000000	46200000	11
Chr15	46200000	46400000	25
Chr15	46400000	46600000	20
Chr15	46600000	46800000	12
Chr15	46800000	47000000	14
Chr15	47000000	47200000	14
Chr15	47200000	47400000	12
Chr15	47400000	47600000	9
Chr15	47600000	47800000	16
Chr15	47800000	48000000	19
Chr15	48000000	48200000	16
Chr15	48200000	48400000	21
Chr15	48400000	48600000	17
Chr15	48600000	48800000	16
Chr15	48800000	49000000	18
Chr15	49000000	49200000	12
Chr15	49200000	49400000	10
Chr15	49400000	49422898	3
Chr16	0	200000	25
Chr16	200000	400000	19
Chr16	400000	600000	28
Chr16	600000	800000	21
Chr16	800000	1000000	25
Chr16	1000000	1200000	25
Chr16	1200000	1400000	23
Chr16	1400000	1600000	25
Chr16	1600000	1800000	21
Chr16	1800000	2000000	20
Chr16	2000000	2200000	33
Chr16	2200000	2400000	28
Chr16	2400000	2600000	31
Chr16	2600000	2800000	29
Chr16	2800000	3000000	30
Chr16	3000000	3200000	24
Chr16	3200000	3400000	22
Chr16	3400000	3600000	25
Chr16	3600000	3800000	29
Chr16	3800000	4000000	21
Chr16	4000000	4200000	25
Chr16	4200000	4400000	35
Chr16	4400000	4600000	22
Chr16	4600000	4800000	31
Chr16	4800000	5000000	28
Chr16	5000000	5200000	20
Chr16	5200000	5400000	20
Chr16	5400000	5600000	29
Chr16	5600000	5800000	24
Chr16	5800000	6000000	20
Chr16	6000000	6200000	21
Chr16	6200000	6400000	26
Chr16	6400000	6600000	19
Chr16	6600000	6800000	25
Chr16	6800000	7000000	16
Chr16	7000000	7200000	21
Chr16	7200000	7400000	28
Chr16	7400000	7600000	19
Chr16	7600000	7800000	32
Chr16	7800000	8000000	18
Chr16	8000000	8200000	23
Chr16	8200000	8400000	18
Chr16	8400000	8600000	20
Chr16	8600000	8800000	18
Chr16	8800000	9000000	17
Chr16	9000000	9200000	22
Chr16	9200000	9400000	16
Chr16	9400000	9600000	31
Chr16	9600000	9800000	18
Chr16	9800000	10000000	23
Chr16	10000000	10200000	17
Chr16	10200000	10400000	17
Chr16	10400000	10600000	18
Chr16	10600000	10800000	10
Chr16	10800000	11000000	23
Chr16	11000000	11200000	17
Chr16	11200000	11400000	25
Chr16	11400000	11600000	17
Chr16	11600000	11800000	20
Chr16	11800000	12000000	20
Chr16	12000000	12200000	15
Chr16	12200000	12400000	14
Chr16	12400000	12600000	20
Chr16	12600000	12800000	22
Chr16	12800000	13000000	14
Chr16	13000000	13200000	19
Chr16	13200000	13400000	18
Chr16	13400000	13600000	25
Chr16	13600000	13800000	16
Chr16	13800000	14000000	16
Chr16	14000000	14200000	18
Chr16	14200000	14400000	10
Chr16	14400000	14600000	22
Chr16	14600000	14800000	11
Chr16	14800000	15000000	13
Chr16	15000000	15200000	15
Chr16	15200000	15400000	18
Chr16	15400000	15600000	17
Chr16	15600000	15800000	15
Chr16	15800000	16000000	15
Chr16	16000000	16200000	14
Chr16	16200000	16400000	13
Chr16	16400000	16600000	11
Chr16	16600000	16800000	13
Chr16	16800000	17000000	14
Chr16	17000000	17200000	13
Chr16	17200000	17400000	17
Chr16	17400000	17600000	15
Chr16	17600000	17800000	5
Chr16	17800000	18000000	10
Chr16	18000000	18200000	8
Chr16	18200000	18400000	12
Chr16	18400000	18600000	12
Chr16	18600000	18800000	8
Chr16	18800000	19000000	13
Chr16	19000000	19200000	11
Chr16	19200000	19400000	13
Chr16	19400000	19600000	12
Chr16	19600000	19800000	15
Chr16	19800000	20000000	19
Chr16	20000000	20200000	16
Chr16	20200000	20400000	9
Chr16	20400000	20600000	12
Chr16	20600000	20800000	8
Chr16	20800000	21000000	11
Chr16	21000000	21200000	15
Chr16	21200000	21400000	4
Chr16	21400000	21600000	6
Chr16	21600000	21800000	10
Chr16	21800000	22000000	7
Chr16	22000000	22200000	12
Chr16	22200000	22400000	16
Chr16	22400000	22600000	13
Chr16	22600000	22800000	20
Chr16	22800000	23000000	13
Chr16	23000000	23200000	10
Chr16	23200000	23400000	12
Chr16	23400000	23600000	5
Chr16	23600000	23800000	17
Chr16	23800000	24000000	16
Chr16	24000000	24200000	6
Chr16	24200000	24400000	6
Chr16	24400000	24600000	9
Chr16	24600000	24800000	10
Chr16	24800000	25000000	7
Chr16	25000000	25200000	9
Chr16	25200000	25400000	4
Chr16	25400000	25600000	6
Chr16	25600000	25800000	3
Chr16	25800000	26000000	9
Chr16	26000000	26200000	2
Chr16	26200000	26400000	0
Chr16	26400000	26600000	2
Chr16	26600000	26800000	1
Chr16	26800000	27000000	1
Chr16	27000000	27200000	0
Chr16	27200000	27400000	5
Chr16	27400000	27600000	0
Chr16	27600000	27800000	4
Chr16	27800000	28000000	0
Chr16	28000000	28200000	2
Chr16	28200000	28400000	1
Chr16	28400000	28600000	0
Chr16	28600000	28800000	5
Chr16	28800000	29000000	8
Chr16	29000000	29200000	6
Chr16	29200000	29400000	5
Chr16	29400000	29600000	4
Chr16	29600000	29800000	6
Chr16	29800000	30000000	4
Chr16	30000000	30200000	10
Chr16	30200000	30400000	5
Chr16	30400000	30600000	9
Chr16	30600000	30800000	9
Chr16	30800000	31000000	11
Chr16	31000000	31200000	11
Chr16	31200000	31400000	15
Chr16	31400000	31600000	12
Chr16	31600000	31800000	15
Chr16	31800000	32000000	10
Chr16	32000000	32200000	8
Chr16	32200000	32400000	9
Chr16	32400000	32600000	7
Chr16	32600000	32800000	11
Chr16	32800000	33000000	13
Chr16	33000000	33200000	14
Chr16	33200000	33400000	7
Chr16	33400000	33600000	7
Chr16	33600000	33800000	11
Chr16	33800000	34000000	13
Chr16	34000000	34200000	9
Chr16	34200000	34400000	16
Chr16	34400000	34600000	14
Chr16	34600000	34800000	9
Chr16	34800000	35000000	13
Chr16	35000000	35200000	10
Chr16	35200000	35400000	8
Chr16	35400000	35600000	10
Chr16	35600000	35800000	6
Chr16	35800000	36000000	3
Chr16	36000000	36200000	7
Chr16	36200000	36400000	6
Chr16	36400000	36480970	0
Chr17	0	200000	27
Chr17	200000	400000	27
Chr17	400000	600000	22
Chr17	600000	800000	26
Chr17	800000	1000000	27
Chr17	1000000	1200000	36
Chr17	1200000	1400000	29
Chr17	1400000	1600000	22
Chr17	1600000	1800000	12
Chr17	1800000	2000000	32
Chr17	2000000	2200000	25
Chr17	2200000	2400000	22
Chr17	2400000	2600000	14
Chr17	2600000	2800000	23
Chr17	2800000	3000000	25
Chr17	3000000	3200000	15
Chr17	3200000	3400000	27
Chr17	3400000	3600000	19
Chr17	3600000	3800000	25
Chr17	3800000	4000000	29
Chr17	4000000	4200000	18
Chr17	4200000	4400000	23
Chr17	4400000	4600000	29
Chr17	4600000	4800000	20
Chr17	4800000	5000000	21
Chr17	5000000	5200000	24
Chr17	5200000	5400000	23
Chr17	5400000	5600000	21
Chr17	5600000	5800000	24
Chr17	5800000	6000000	21
Chr17	6000000	6200000	17
Chr17	6200000	6400000	18
Chr17	6400000	6600000	15
Chr17	6600000	6800000	16
Chr17	6800000	7000000	29
Chr17	7000000	7200000	19
Chr17	7200000	7400000	21
Chr17	7400000	7600000	21
Chr17	7600000	7800000	19
Chr17	7800000	8000000	22
Chr17	8000000	8200000	24
Chr17	8200000	8400000	12
Chr17	8400000	8600000	12
Chr17	8600000	8800000	23
Chr17	8800000	9000000	18
Chr17	9000000	9200000	23
Chr17	9200000	9400000	23
Chr17	9400000	9600000	17
Chr17	9600000	9800000	15
Chr17	9800000	10000000	23
Chr17	10000000	10200000	17
Chr17	10200000	10400000	16
Chr17	10400000	10600000	21
Chr17	10600000	10800000	16
Chr17	10800000	11000000	18
Chr17	11000000	11200000	22
Chr17	11200000	11400000	12
Chr17	11400000	11600000	17
Chr17	11600000	11800000	17
Chr17	11800000	12000000	24
Chr17	12000000	12200000	18
Chr17	12200000	12400000	13
Chr17	12400000	12600000	18
Chr17	12600000	12800000	14
Chr17	12800000	13000000	12
Chr17	13000000	13200000	16
Chr17	13200000	13400000	19
Chr17	13400000	13600000	14
Chr17	13600000	13800000	8
Chr17	13800000	14000000	9
Chr17	14000000	14200000	15
Chr17	14200000	14400000	10
Chr17	14400000	14600000	8
Chr17	14600000	14800000	10
Chr17	14800000	15000000	8
Chr17	15000000	15200000	13
Chr17	15200000	15400000	13
Chr17	15400000	15600000	15
Chr17	15600000	15800000	6
Chr17	15800000	16000000	8
Chr17	16000000	16200000	6
Chr17	16200000	16400000	5
Chr17	16400000	16600000	5
Chr17	16600000	16800000	13
Chr17	16800000	17000000	8
Chr17	17000000	17200000	16
Chr17	17200000	17400000	7
Chr17	17400000	17600000	6
Chr17	17600000	17800000	3
Chr17	17800000	18000000	4
Chr17	18000000	18200000	1
Chr17	18200000	18400000	0
Chr17	18400000	18600000	2
Chr17	18600000	18800000	0
Chr17	18800000	19000000	2
Chr17	19000000	19200000	3
Chr17	19200000	19400000	2
Chr17	19400000	19600000	1
Chr17	19600000	19800000	1
Chr17	19800000	20000000	9
Chr17	20000000	20200000	8
Chr17	20200000	20400000	11
Chr17	20400000	20600000	13
Chr17	20600000	20800000	13
Chr17	20800000	21000000	13
Chr17	21000000	21200000	11
Chr17	21200000	21400000	2
Chr17	21400000	21600000	3
Chr17	21600000	21800000	9
Chr17	21800000	22000000	7
Chr17	22000000	22200000	13
Chr17	22200000	22400000	13
Chr17	22400000	22600000	8
Chr17	22600000	22800000	15
Chr17	22800000	23000000	12
Chr17	23000000	23200000	13
Chr17	23200000	23400000	18
Chr17	23400000	23600000	11
Chr17	23600000	23800000	8
Chr17	23800000	24000000	12
Chr17	24000000	24200000	9
Chr17	24200000	24400000	8
Chr17	24400000	24600000	4
Chr17	24600000	24800000	5
Chr17	24800000	25000000	15
Chr17	25000000	25200000	9
Chr17	25200000	25400000	24
Chr17	25400000	25600000	17
Chr17	25600000	25800000	21
Chr17	25800000	26000000	17
Chr17	26000000	26200000	6
Chr17	26200000	26400000	18
Chr17	26400000	26600000	23
Chr17	26600000	26800000	20
Chr17	26800000	27000000	17
Chr17	27000000	27200000	19
Chr17	27200000	27400000	16
Chr17	27400000	27600000	21
Chr17	27600000	27800000	20
Chr17	27800000	28000000	16
Chr17	28000000	28200000	13
Chr17	28200000	28400000	24
Chr17	28400000	28600000	21
Chr17	28600000	28800000	21
Chr17	28800000	29000000	13
Chr17	29000000	29200000	18
Chr17	29200000	29400000	13
Chr17	29400000	29600000	21
Chr17	29600000	29800000	21
Chr17	29800000	30000000	24
Chr17	30000000	30200000	13
Chr17	30200000	30400000	17
Chr17	30400000	30600000	9
Chr17	30600000	30800000	1
Chr17	30800000	31000000	3
Chr17	31000000	31200000	1
Chr17	31200000	31400000	8
Chr17	31400000	31600000	16
Chr17	31600000	31800000	22
Chr17	31800000	32000000	18
Chr17	32000000	32200000	21
Chr17	32200000	32400000	17
Chr17	32400000	32600000	23
Chr17	32600000	32800000	30
Chr17	32800000	33000000	10
Chr17	33000000	33200000	17
Chr17	33200000	33400000	17
Chr17	33400000	33600000	18
Chr17	33600000	33800000	24
Chr17	33800000	34000000	24
Chr17	34000000	34200000	11
Chr17	34200000	34400000	17
Chr17	34400000	34479775	8
