Chr1	0	200000	121
Chr1	200000	400000	96
Chr1	400000	600000	216
Chr1	600000	800000	215
Chr1	800000	1000000	139
Chr1	1000000	1200000	121
Chr1	1200000	1400000	137
Chr1	1400000	1600000	143
Chr1	1600000	1800000	194
Chr1	1800000	2000000	142
Chr1	2000000	2200000	50
Chr1	2200000	2400000	131
Chr1	2400000	2600000	104
Chr1	2600000	2800000	90
Chr1	2800000	3000000	130
Chr1	3000000	3200000	31
Chr1	3200000	3400000	13
Chr1	3400000	3600000	3
Chr1	3600000	3800000	3
Chr1	3800000	4000000	3
Chr1	4000000	4200000	3
Chr1	4200000	4400000	6
Chr1	4400000	4600000	173
Chr1	4600000	4800000	294
Chr1	4800000	5000000	140
Chr1	5000000	5200000	259
Chr1	5200000	5400000	95
Chr1	5400000	5600000	157
Chr1	5600000	5800000	244
Chr1	5800000	6000000	215
Chr1	6000000	6200000	176
Chr1	6200000	6400000	202
Chr1	6400000	6600000	210
Chr1	6600000	6800000	303
Chr1	6800000	7000000	360
Chr1	7000000	7200000	263
Chr1	7200000	7400000	284
Chr1	7400000	7600000	196
Chr1	7600000	7800000	256
Chr1	7800000	8000000	274
Chr1	8000000	8200000	260
Chr1	8200000	8400000	309
Chr1	8400000	8600000	376
Chr1	8600000	8800000	400
Chr1	8800000	9000000	276
Chr1	9000000	9200000	242
Chr1	9200000	9400000	240
Chr1	9400000	9600000	213
Chr1	9600000	9800000	321
Chr1	9800000	10000000	312
Chr1	10000000	10200000	354
Chr1	10200000	10400000	346
Chr1	10400000	10600000	317
Chr1	10600000	10800000	156
Chr1	10800000	11000000	332
Chr1	11000000	11200000	399
Chr1	11200000	11400000	317
Chr1	11400000	11600000	293
Chr1	11600000	11800000	338
Chr1	11800000	12000000	318
Chr1	12000000	12200000	167
Chr1	12200000	12400000	203
Chr1	12400000	12600000	410
Chr1	12600000	12800000	387
Chr1	12800000	13000000	379
Chr1	13000000	13200000	225
Chr1	13200000	13400000	397
Chr1	13400000	13600000	317
Chr1	13600000	13800000	381
Chr1	13800000	14000000	228
Chr1	14000000	14200000	299
Chr1	14200000	14400000	349
Chr1	14400000	14600000	374
Chr1	14600000	14800000	451
Chr1	14800000	15000000	444
Chr1	15000000	15200000	488
Chr1	15200000	15400000	421
Chr1	15400000	15600000	340
Chr1	15600000	15800000	401
Chr1	15800000	16000000	395
Chr1	16000000	16200000	221
Chr1	16200000	16400000	217
Chr1	16400000	16600000	344
Chr1	16600000	16800000	293
Chr1	16800000	17000000	385
Chr1	17000000	17200000	492
Chr1	17200000	17400000	317
Chr1	17400000	17600000	353
Chr1	17600000	17800000	540
Chr1	17800000	18000000	580
Chr1	18000000	18200000	495
Chr1	18200000	18400000	359
Chr1	18400000	18600000	388
Chr1	18600000	18800000	449
Chr1	18800000	19000000	263
Chr1	19000000	19200000	306
Chr1	19200000	19400000	413
Chr1	19400000	19600000	81
Chr1	19600000	19800000	371
Chr1	19800000	20000000	496
Chr1	20000000	20200000	445
Chr1	20200000	20400000	429
Chr1	20400000	20600000	510
Chr1	20600000	20800000	453
Chr1	20800000	21000000	282
Chr1	21000000	21200000	536
Chr1	21200000	21400000	470
Chr1	21400000	21600000	424
Chr1	21600000	21800000	428
Chr1	21800000	22000000	304
Chr1	22000000	22200000	270
Chr1	22200000	22400000	437
Chr1	22400000	22600000	140
Chr1	22600000	22800000	580
Chr1	22800000	23000000	344
Chr1	23000000	23200000	411
Chr1	23200000	23400000	308
Chr1	23400000	23600000	327
Chr1	23600000	23800000	209
Chr1	23800000	24000000	212
Chr1	24000000	24200000	233
Chr1	24200000	24400000	458
Chr1	24400000	24600000	507
Chr1	24600000	24800000	444
Chr1	24800000	25000000	402
Chr1	25000000	25200000	499
Chr1	25200000	25400000	502
Chr1	25400000	25600000	438
Chr1	25600000	25800000	499
Chr1	25800000	26000000	151
Chr1	26000000	26200000	500
Chr1	26200000	26400000	400
Chr1	26400000	26600000	382
Chr1	26600000	26800000	489
Chr1	26800000	27000000	412
Chr1	27000000	27200000	520
Chr1	27200000	27400000	451
Chr1	27400000	27519054	161
Chr2	0	200000	250
Chr2	200000	400000	402
Chr2	400000	600000	448
Chr2	600000	800000	399
Chr2	800000	1000000	599
Chr2	1000000	1200000	541
Chr2	1200000	1400000	495
Chr2	1400000	1600000	364
Chr2	1600000	1800000	544
Chr2	1800000	2000000	543
Chr2	2000000	2200000	544
Chr2	2200000	2400000	550
Chr2	2400000	2600000	99
Chr2	2600000	2800000	227
Chr2	2800000	3000000	314
Chr2	3000000	3200000	216
Chr2	3200000	3400000	532
Chr2	3400000	3600000	556
Chr2	3600000	3800000	281
Chr2	3800000	4000000	376
Chr2	4000000	4200000	369
Chr2	4200000	4400000	275
Chr2	4400000	4600000	485
Chr2	4600000	4800000	392
Chr2	4800000	5000000	443
Chr2	5000000	5200000	211
Chr2	5200000	5400000	431
Chr2	5400000	5600000	431
Chr2	5600000	5800000	517
Chr2	5800000	6000000	468
Chr2	6000000	6200000	364
Chr2	6200000	6400000	362
Chr2	6400000	6600000	267
Chr2	6600000	6800000	368
Chr2	6800000	7000000	187
Chr2	7000000	7200000	290
Chr2	7200000	7400000	289
Chr2	7400000	7600000	120
Chr2	7600000	7800000	342
Chr2	7800000	8000000	307
Chr2	8000000	8200000	210
Chr2	8200000	8400000	80
Chr2	8400000	8600000	375
Chr2	8600000	8800000	430
Chr2	8800000	9000000	516
Chr2	9000000	9200000	330
Chr2	9200000	9400000	426
Chr2	9400000	9600000	422
Chr2	9600000	9800000	406
Chr2	9800000	10000000	496
Chr2	10000000	10200000	526
Chr2	10200000	10400000	243
Chr2	10400000	10600000	83
Chr2	10600000	10800000	183
Chr2	10800000	11000000	110
Chr2	11000000	11200000	223
Chr2	11200000	11400000	232
Chr2	11400000	11600000	336
Chr2	11600000	11800000	245
Chr2	11800000	12000000	120
Chr2	12000000	12200000	97
Chr2	12200000	12400000	65
Chr2	12400000	12600000	72
Chr2	12600000	12800000	216
Chr2	12800000	13000000	229
Chr2	13000000	13200000	410
Chr2	13200000	13400000	403
Chr2	13400000	13600000	430
Chr2	13600000	13800000	470
Chr2	13800000	14000000	402
Chr2	14000000	14200000	342
Chr2	14200000	14400000	410
Chr2	14400000	14600000	479
Chr2	14600000	14800000	431
Chr2	14800000	15000000	433
Chr2	15000000	15200000	345
Chr2	15200000	15400000	299
Chr2	15400000	15600000	347
Chr2	15600000	15800000	363
Chr2	15800000	16000000	324
Chr2	16000000	16200000	351
Chr2	16200000	16400000	241
Chr2	16400000	16600000	319
Chr2	16600000	16800000	339
Chr2	16800000	17000000	400
Chr2	17000000	17200000	341
Chr2	17200000	17400000	270
Chr2	17400000	17600000	279
Chr2	17600000	17800000	209
Chr2	17800000	18000000	400
Chr2	18000000	18200000	302
Chr2	18200000	18400000	358
Chr2	18400000	18600000	291
Chr2	18600000	18800000	101
Chr2	18800000	19000000	214
Chr2	19000000	19200000	309
Chr2	19200000	19400000	274
Chr2	19400000	19600000	246
Chr2	19600000	19800000	258
Chr2	19800000	20000000	128
Chr2	20000000	20200000	125
Chr2	20200000	20400000	21
Chr2	20400000	20600000	29
Chr2	20600000	20800000	8
Chr2	20800000	21000000	20
Chr2	21000000	21200000	33
Chr2	21200000	21400000	62
Chr2	21400000	21600000	102
Chr2	21600000	21800000	109
Chr2	21800000	22000000	16
Chr2	22000000	22200000	64
Chr2	22200000	22400000	23
Chr2	22400000	22600000	9
Chr2	22600000	22800000	21
Chr2	22800000	23000000	11
Chr2	23000000	23200000	11
Chr2	23200000	23400000	6
Chr2	23400000	23600000	13
Chr2	23600000	23800000	17
Chr2	23800000	24000000	67
Chr2	24000000	24200000	51
Chr2	24200000	24400000	107
Chr2	24400000	24600000	97
Chr2	24600000	24800000	136
Chr2	24800000	25000000	245
Chr2	25000000	25200000	266
Chr2	25200000	25400000	169
Chr2	25400000	25600000	240
Chr2	25600000	25800000	228
Chr2	25800000	26000000	236
Chr2	26000000	26200000	191
Chr2	26200000	26400000	229
Chr2	26400000	26600000	200
Chr2	26600000	26800000	308
Chr2	26800000	27000000	325
Chr2	27000000	27200000	369
Chr2	27200000	27400000	327
Chr2	27400000	27600000	260
Chr2	27600000	27800000	294
Chr2	27800000	28000000	265
Chr2	28000000	28200000	419
Chr2	28200000	28400000	238
Chr2	28400000	28600000	334
Chr2	28600000	28800000	317
Chr2	28800000	29000000	331
Chr2	29000000	29200000	299
Chr2	29200000	29400000	140
Chr2	29400000	29600000	62
Chr2	29600000	29800000	386
Chr2	29800000	30000000	123
Chr2	30000000	30200000	71
Chr2	30200000	30400000	286
Chr2	30400000	30600000	462
Chr2	30600000	30800000	209
Chr2	30800000	31000000	88
Chr2	31000000	31200000	349
Chr2	31200000	31400000	324
Chr2	31400000	31600000	90
Chr2	31600000	31800000	257
Chr2	31800000	32000000	392
Chr2	32000000	32200000	284
Chr2	32200000	32400000	448
Chr2	32400000	32600000	336
Chr2	32600000	32800000	247
Chr2	32800000	33000000	241
Chr2	33000000	33200000	286
Chr2	33200000	33400000	427
Chr2	33400000	33600000	272
Chr2	33600000	33800000	338
Chr2	33800000	34000000	262
Chr2	34000000	34200000	333
Chr2	34200000	34400000	197
Chr2	34400000	34600000	245
Chr2	34600000	34800000	406
Chr2	34800000	35000000	469
Chr2	35000000	35200000	415
Chr2	35200000	35400000	270
Chr2	35400000	35600000	258
Chr2	35600000	35800000	295
Chr2	35800000	36000000	127
Chr2	36000000	36200000	4
Chr2	36200000	36400000	180
Chr2	36400000	36600000	275
Chr2	36600000	36800000	289
Chr2	36800000	37000000	428
Chr2	37000000	37200000	394
Chr2	37200000	37400000	325
Chr2	37400000	37600000	365
Chr2	37600000	37800000	84
Chr2	37800000	37982726	2
Chr3	0	200000	263
Chr3	200000	400000	406
Chr3	400000	600000	469
Chr3	600000	800000	401
Chr3	800000	1000000	282
Chr3	1000000	1200000	403
Chr3	1200000	1400000	25
Chr3	1400000	1600000	35
Chr3	1600000	1800000	314
Chr3	1800000	2000000	320
Chr3	2000000	2200000	373
Chr3	2200000	2400000	337
Chr3	2400000	2600000	366
Chr3	2600000	2800000	336
Chr3	2800000	3000000	453
Chr3	3000000	3200000	331
Chr3	3200000	3400000	309
Chr3	3400000	3600000	483
Chr3	3600000	3800000	347
Chr3	3800000	4000000	356
Chr3	4000000	4200000	381
Chr3	4200000	4400000	433
Chr3	4400000	4600000	286
Chr3	4600000	4800000	239
Chr3	4800000	5000000	339
Chr3	5000000	5200000	338
Chr3	5200000	5400000	397
Chr3	5400000	5600000	384
Chr3	5600000	5800000	415
Chr3	5800000	6000000	318
Chr3	6000000	6200000	345
Chr3	6200000	6400000	377
Chr3	6400000	6600000	261
Chr3	6600000	6800000	435
Chr3	6800000	7000000	234
Chr3	7000000	7200000	253
Chr3	7200000	7400000	389
Chr3	7400000	7600000	492
Chr3	7600000	7800000	432
Chr3	7800000	8000000	311
Chr3	8000000	8200000	423
Chr3	8200000	8400000	220
Chr3	8400000	8600000	552
Chr3	8600000	8800000	244
Chr3	8800000	9000000	154
Chr3	9000000	9200000	395
Chr3	9200000	9400000	361
Chr3	9400000	9600000	458
Chr3	9600000	9800000	224
Chr3	9800000	10000000	441
Chr3	10000000	10200000	474
Chr3	10200000	10400000	382
Chr3	10400000	10600000	232
Chr3	10600000	10800000	365
Chr3	10800000	11000000	265
Chr3	11000000	11200000	422
Chr3	11200000	11400000	208
Chr3	11400000	11600000	435
Chr3	11600000	11800000	435
Chr3	11800000	12000000	368
Chr3	12000000	12200000	310
Chr3	12200000	12400000	466
Chr3	12400000	12600000	386
Chr3	12600000	12800000	227
Chr3	12800000	13000000	288
Chr3	13000000	13200000	312
Chr3	13200000	13400000	257
Chr3	13400000	13600000	238
Chr3	13600000	13800000	354
Chr3	13800000	14000000	400
Chr3	14000000	14200000	261
Chr3	14200000	14400000	202
Chr3	14400000	14600000	298
Chr3	14600000	14800000	297
Chr3	14800000	15000000	332
Chr3	15000000	15200000	217
Chr3	15200000	15400000	328
Chr3	15400000	15600000	248
Chr3	15600000	15800000	234
Chr3	15800000	16000000	241
Chr3	16000000	16200000	272
Chr3	16200000	16400000	246
Chr3	16400000	16600000	311
Chr3	16600000	16800000	222
Chr3	16800000	17000000	210
Chr3	17000000	17200000	187
Chr3	17200000	17400000	181
Chr3	17400000	17600000	132
Chr3	17600000	17800000	196
Chr3	17800000	18000000	220
Chr3	18000000	18200000	224
Chr3	18200000	18400000	171
Chr3	18400000	18600000	276
Chr3	18600000	18800000	140
Chr3	18800000	19000000	241
Chr3	19000000	19200000	239
Chr3	19200000	19400000	212
Chr3	19400000	19600000	96
Chr3	19600000	19800000	91
Chr3	19800000	20000000	53
Chr3	20000000	20200000	3
Chr3	20200000	20400000	9
Chr3	20400000	20600000	5
Chr3	20600000	20800000	3
Chr3	20800000	21000000	4
Chr3	21000000	21200000	5
Chr3	21200000	21400000	5
Chr3	21400000	21600000	10
Chr3	21600000	21800000	50
Chr3	21800000	22000000	41
Chr3	22000000	22200000	121
Chr3	22200000	22400000	340
Chr3	22400000	22600000	259
Chr3	22600000	22800000	228
Chr3	22800000	23000000	337
Chr3	23000000	23200000	239
Chr3	23200000	23400000	310
Chr3	23400000	23600000	208
Chr3	23600000	23800000	165
Chr3	23800000	24000000	310
Chr3	24000000	24200000	297
Chr3	24200000	24400000	296
Chr3	24400000	24600000	382
Chr3	24600000	24800000	343
Chr3	24800000	25000000	155
Chr3	25000000	25200000	195
Chr3	25200000	25400000	269
Chr3	25400000	25600000	309
Chr3	25600000	25800000	109
Chr3	25800000	26000000	153
Chr3	26000000	26200000	326
Chr3	26200000	26400000	128
Chr3	26400000	26600000	246
Chr3	26600000	26800000	336
Chr3	26800000	27000000	337
Chr3	27000000	27200000	183
Chr3	27200000	27400000	121
Chr3	27400000	27600000	388
Chr3	27600000	27800000	406
Chr3	27800000	28000000	307
Chr3	28000000	28200000	274
Chr3	28200000	28400000	388
Chr3	28400000	28600000	146
Chr3	28600000	28800000	346
Chr3	28800000	29000000	207
Chr3	29000000	29200000	472
Chr3	29200000	29400000	357
Chr3	29400000	29600000	341
Chr3	29600000	29800000	417
Chr3	29800000	30000000	270
Chr3	30000000	30200000	397
Chr3	30200000	30400000	312
Chr3	30400000	30600000	327
Chr3	30600000	30800000	327
Chr3	30800000	31000000	309
Chr3	31000000	31200000	210
Chr3	31200000	31400000	319
Chr3	31400000	31600000	464
Chr3	31600000	31800000	390
Chr3	31800000	32000000	286
Chr3	32000000	32200000	276
Chr3	32200000	32400000	342
Chr3	32400000	32600000	348
Chr3	32600000	32800000	318
Chr3	32800000	33000000	308
Chr3	33000000	33200000	291
Chr3	33200000	33400000	386
Chr3	33400000	33600000	305
Chr3	33600000	33800000	357
Chr3	33800000	34000000	408
Chr3	34000000	34200000	345
Chr3	34200000	34400000	390
Chr3	34400000	34600000	294
Chr3	34600000	34800000	524
Chr3	34800000	35000000	384
Chr3	35000000	35200000	428
Chr3	35200000	35400000	394
Chr3	35400000	35600000	551
Chr3	35600000	35800000	494
Chr3	35800000	36000000	446
Chr3	36000000	36200000	200
Chr3	36200000	36400000	422
Chr3	36400000	36600000	532
Chr3	36600000	36800000	460
Chr3	36800000	37000000	426
Chr3	37000000	37200000	409
Chr3	37200000	37400000	304
Chr3	37400000	37451735	3
Chr4	0	200000	384
Chr4	200000	400000	316
Chr4	400000	600000	491
Chr4	600000	800000	359
Chr4	800000	1000000	359
Chr4	1000000	1200000	349
Chr4	1200000	1400000	497
Chr4	1400000	1600000	298
Chr4	1600000	1800000	207
Chr4	1800000	2000000	334
Chr4	2000000	2200000	278
Chr4	2200000	2400000	324
Chr4	2400000	2600000	436
Chr4	2600000	2800000	317
Chr4	2800000	3000000	504
Chr4	3000000	3200000	161
Chr4	3200000	3400000	455
Chr4	3400000	3600000	233
Chr4	3600000	3800000	326
Chr4	3800000	4000000	445
Chr4	4000000	4200000	459
Chr4	4200000	4400000	399
Chr4	4400000	4600000	247
Chr4	4600000	4800000	237
Chr4	4800000	5000000	387
Chr4	5000000	5200000	456
Chr4	5200000	5400000	300
Chr4	5400000	5600000	440
Chr4	5600000	5800000	274
Chr4	5800000	6000000	388
Chr4	6000000	6200000	314
Chr4	6200000	6400000	432
Chr4	6400000	6600000	440
Chr4	6600000	6800000	313
Chr4	6800000	7000000	225
Chr4	7000000	7200000	538
Chr4	7200000	7400000	439
Chr4	7400000	7600000	418
Chr4	7600000	7800000	393
Chr4	7800000	8000000	287
Chr4	8000000	8200000	287
Chr4	8200000	8400000	346
Chr4	8400000	8600000	359
Chr4	8600000	8800000	329
Chr4	8800000	9000000	219
Chr4	9000000	9200000	318
Chr4	9200000	9400000	213
Chr4	9400000	9600000	170
Chr4	9600000	9800000	205
Chr4	9800000	10000000	304
Chr4	10000000	10200000	194
Chr4	10200000	10400000	130
Chr4	10400000	10600000	166
Chr4	10600000	10800000	98
Chr4	10800000	11000000	79
Chr4	11000000	11200000	3
Chr4	11200000	11400000	10
Chr4	11400000	11600000	6
Chr4	11600000	11800000	6
Chr4	11800000	12000000	25
Chr4	12000000	12200000	11
Chr4	12200000	12400000	37
Chr4	12400000	12600000	109
Chr4	12600000	12800000	90
Chr4	12800000	13000000	227
Chr4	13000000	13200000	271
Chr4	13200000	13400000	206
Chr4	13400000	13600000	296
Chr4	13600000	13800000	351
Chr4	13800000	14000000	226
Chr4	14000000	14200000	254
Chr4	14200000	14400000	182
Chr4	14400000	14600000	271
Chr4	14600000	14800000	305
Chr4	14800000	15000000	316
Chr4	15000000	15200000	336
Chr4	15200000	15400000	172
Chr4	15400000	15600000	191
Chr4	15600000	15800000	341
Chr4	15800000	16000000	330
Chr4	16000000	16200000	173
Chr4	16200000	16400000	452
Chr4	16400000	16600000	362
Chr4	16600000	16800000	225
Chr4	16800000	17000000	372
Chr4	17000000	17200000	247
Chr4	17200000	17400000	379
Chr4	17400000	17600000	430
Chr4	17600000	17800000	417
Chr4	17800000	18000000	319
Chr4	18000000	18200000	419
Chr4	18200000	18400000	330
Chr4	18400000	18600000	276
Chr4	18600000	18800000	291
Chr4	18800000	19000000	208
Chr4	19000000	19200000	218
Chr4	19200000	19400000	434
Chr4	19400000	19600000	83
Chr4	19600000	19800000	287
Chr4	19800000	20000000	410
Chr4	20000000	20200000	482
Chr4	20200000	20400000	183
Chr4	20400000	20600000	525
Chr4	20600000	20800000	214
Chr4	20800000	21000000	141
Chr4	21000000	21200000	278
Chr4	21200000	21400000	154
Chr4	21400000	21600000	229
Chr4	21600000	21800000	421
Chr4	21800000	22000000	520
Chr4	22000000	22200000	488
Chr4	22200000	22400000	370
Chr4	22400000	22600000	464
Chr4	22600000	22800000	509
Chr4	22800000	23000000	558
Chr4	23000000	23200000	287
Chr4	23200000	23400000	95
Chr4	23400000	23600000	550
Chr4	23600000	23800000	336
Chr4	23800000	24000000	215
Chr4	24000000	24200000	447
Chr4	24200000	24400000	539
Chr4	24400000	24600000	561
Chr4	24600000	24800000	443
Chr4	24800000	25000000	450
Chr4	25000000	25200000	450
Chr4	25200000	25400000	523
Chr4	25400000	25600000	441
Chr4	25600000	25800000	396
Chr4	25800000	26000000	446
Chr4	26000000	26200000	474
Chr4	26200000	26400000	337
Chr4	26400000	26600000	553
Chr4	26600000	26800000	372
Chr4	26800000	27000000	476
Chr4	27000000	27200000	406
Chr4	27200000	27400000	409
Chr4	27400000	27600000	353
Chr4	27600000	27800000	395
Chr4	27800000	28000000	499
Chr4	28000000	28200000	392
Chr4	28200000	28204096	0
Chr5	0	200000	3
Chr5	200000	400000	94
Chr5	400000	600000	102
Chr5	600000	800000	256
Chr5	800000	1000000	359
Chr5	1000000	1200000	377
Chr5	1200000	1400000	161
Chr5	1400000	1600000	312
Chr5	1600000	1800000	392
Chr5	1800000	2000000	279
Chr5	2000000	2200000	318
Chr5	2200000	2400000	267
Chr5	2400000	2600000	117
Chr5	2600000	2800000	308
Chr5	2800000	3000000	125
Chr5	3000000	3200000	280
Chr5	3200000	3400000	282
Chr5	3400000	3600000	248
Chr5	3600000	3800000	3
Chr5	3800000	4000000	14
Chr5	4000000	4200000	231
Chr5	4200000	4400000	359
Chr5	4400000	4600000	326
Chr5	4600000	4800000	286
Chr5	4800000	5000000	418
Chr5	5000000	5200000	166
Chr5	5200000	5400000	183
Chr5	5400000	5600000	221
Chr5	5600000	5800000	244
Chr5	5800000	6000000	351
Chr5	6000000	6200000	348
Chr5	6200000	6400000	310
Chr5	6400000	6600000	474
Chr5	6600000	6800000	330
Chr5	6800000	7000000	340
Chr5	7000000	7200000	389
Chr5	7200000	7400000	319
Chr5	7400000	7600000	275
Chr5	7600000	7800000	295
Chr5	7800000	8000000	307
Chr5	8000000	8200000	255
Chr5	8200000	8400000	334
Chr5	8400000	8600000	93
Chr5	8600000	8800000	135
Chr5	8800000	9000000	262
Chr5	9000000	9200000	280
Chr5	9200000	9400000	353
Chr5	9400000	9600000	326
Chr5	9600000	9800000	396
Chr5	9800000	10000000	274
Chr5	10000000	10200000	274
Chr5	10200000	10400000	235
Chr5	10400000	10600000	232
Chr5	10600000	10800000	206
Chr5	10800000	11000000	248
Chr5	11000000	11200000	296
Chr5	11200000	11400000	148
Chr5	11400000	11600000	277
Chr5	11600000	11800000	175
Chr5	11800000	12000000	226
Chr5	12000000	12200000	241
Chr5	12200000	12400000	144
Chr5	12400000	12600000	274
Chr5	12600000	12800000	225
Chr5	12800000	13000000	51
Chr5	13000000	13200000	161
Chr5	13200000	13400000	111
Chr5	13400000	13600000	82
Chr5	13600000	13800000	27
Chr5	13800000	14000000	62
Chr5	14000000	14200000	32
Chr5	14200000	14400000	9
Chr5	14400000	14600000	6
Chr5	14600000	14800000	7
Chr5	14800000	15000000	2
Chr5	15000000	15200000	5
Chr5	15200000	15400000	0
Chr5	15400000	15600000	3
Chr5	15600000	15800000	0
Chr5	15800000	16000000	5
Chr5	16000000	16200000	6
Chr5	16200000	16400000	11
Chr5	16400000	16600000	6
Chr5	16600000	16800000	2
Chr5	16800000	17000000	36
Chr5	17000000	17200000	68
Chr5	17200000	17400000	59
Chr5	17400000	17600000	84
Chr5	17600000	17800000	79
Chr5	17800000	18000000	47
Chr5	18000000	18200000	302
Chr5	18200000	18400000	229
Chr5	18400000	18600000	401
Chr5	18600000	18800000	356
Chr5	18800000	19000000	296
Chr5	19000000	19200000	206
Chr5	19200000	19400000	149
Chr5	19400000	19600000	240
Chr5	19600000	19800000	319
Chr5	19800000	20000000	319
Chr5	20000000	20200000	270
Chr5	20200000	20400000	235
Chr5	20400000	20600000	354
Chr5	20600000	20800000	343
Chr5	20800000	21000000	267
Chr5	21000000	21200000	312
Chr5	21200000	21400000	377
Chr5	21400000	21600000	360
Chr5	21600000	21800000	94
Chr5	21800000	22000000	265
Chr5	22000000	22200000	195
Chr5	22200000	22400000	266
Chr5	22400000	22600000	303
Chr5	22600000	22800000	305
Chr5	22800000	23000000	300
Chr5	23000000	23200000	131
Chr5	23200000	23400000	182
Chr5	23400000	23600000	273
Chr5	23600000	23800000	392
Chr5	23800000	24000000	404
Chr5	24000000	24200000	348
Chr5	24200000	24400000	284
Chr5	24400000	24600000	190
Chr5	24600000	24800000	432
Chr5	24800000	25000000	287
Chr5	25000000	25200000	272
Chr5	25200000	25400000	363
Chr5	25400000	25600000	246
Chr5	25600000	25800000	208
Chr5	25800000	26000000	200
Chr5	26000000	26200000	81
Chr5	26200000	26400000	304
Chr5	26400000	26600000	344
Chr5	26600000	26800000	302
Chr5	26800000	27000000	148
Chr5	27000000	27200000	61
Chr5	27200000	27400000	251
Chr5	27400000	27600000	351
Chr5	27600000	27800000	379
Chr5	27800000	28000000	360
Chr5	28000000	28200000	407
Chr5	28200000	28400000	178
Chr5	28400000	28600000	307
Chr5	28600000	28800000	399
Chr5	28800000	29000000	339
Chr5	29000000	29200000	449
Chr5	29200000	29400000	410
Chr5	29400000	29600000	375
Chr5	29600000	29800000	390
Chr5	29800000	30000000	379
Chr5	30000000	30200000	387
Chr5	30200000	30400000	376
Chr5	30400000	30600000	237
Chr5	30600000	30800000	421
Chr5	30800000	31000000	472
Chr5	31000000	31200000	311
Chr5	31200000	31400000	322
Chr5	31400000	31600000	273
Chr5	31600000	31800000	490
Chr5	31800000	32000000	445
Chr5	32000000	32200000	449
Chr5	32200000	32400000	319
Chr5	32400000	32600000	262
Chr5	32600000	32800000	196
Chr5	32800000	33000000	141
Chr5	33000000	33200000	243
Chr5	33200000	33400000	113
Chr5	33400000	33600000	151
Chr5	33600000	33800000	448
Chr5	33800000	34000000	370
Chr5	34000000	34200000	276
Chr5	34200000	34400000	357
Chr5	34400000	34600000	90
Chr5	34600000	34800000	319
Chr5	34800000	35000000	399
Chr5	35000000	35200000	318
Chr5	35200000	35400000	476
Chr5	35400000	35600000	430
Chr5	35600000	35800000	381
Chr5	35800000	36000000	399
Chr5	36000000	36200000	289
Chr5	36200000	36400000	334
Chr5	36400000	36600000	61
Chr5	36600000	36800000	49
Chr5	36800000	37000000	97
Chr5	37000000	37200000	61
Chr5	37200000	37400000	209
Chr5	37400000	37600000	137
Chr5	37600000	37800000	250
Chr5	37800000	38000000	283
Chr5	38000000	38200000	398
Chr5	38200000	38400000	312
Chr5	38400000	38600000	389
Chr5	38600000	38800000	357
Chr5	38800000	39000000	146
Chr5	39000000	39200000	316
Chr5	39200000	39400000	492
Chr5	39400000	39600000	494
Chr5	39600000	39800000	446
Chr5	39800000	40000000	471
Chr5	40000000	40200000	450
Chr5	40200000	40400000	422
Chr5	40400000	40600000	88
Chr5	40600000	40800000	190
Chr5	40800000	41000000	576
Chr5	41000000	41200000	459
Chr5	41200000	41400000	453
Chr5	41400000	41600000	332
Chr5	41600000	41800000	308
Chr5	41800000	42000000	574
Chr5	42000000	42200000	506
Chr5	42200000	42400000	369
Chr5	42400000	42600000	424
Chr5	42600000	42800000	419
Chr5	42800000	43000000	606
Chr5	43000000	43200000	580
Chr5	43200000	43400000	310
Chr5	43400000	43600000	174
Chr5	43600000	43800000	191
Chr5	43800000	44000000	293
Chr5	44000000	44200000	92
Chr5	44200000	44400000	437
Chr5	44400000	44600000	436
Chr5	44600000	44800000	553
Chr5	44800000	45000000	472
Chr5	45000000	45200000	506
Chr5	45200000	45400000	625
Chr5	45400000	45600000	373
Chr5	45600000	45635594	39
Chr6	0	200000	265
Chr6	200000	400000	375
Chr6	400000	600000	429
Chr6	600000	800000	231
Chr6	800000	1000000	336
Chr6	1000000	1200000	353
Chr6	1200000	1400000	353
Chr6	1400000	1600000	236
Chr6	1600000	1800000	482
Chr6	1800000	2000000	315
Chr6	2000000	2200000	130
Chr6	2200000	2400000	269
Chr6	2400000	2600000	52
Chr6	2600000	2800000	125
Chr6	2800000	3000000	492
Chr6	3000000	3200000	401
Chr6	3200000	3400000	488
Chr6	3400000	3600000	326
Chr6	3600000	3800000	409
Chr6	3800000	4000000	313
Chr6	4000000	4200000	423
Chr6	4200000	4400000	483
Chr6	4400000	4600000	288
Chr6	4600000	4800000	378
Chr6	4800000	5000000	194
Chr6	5000000	5200000	360
Chr6	5200000	5400000	378
Chr6	5400000	5600000	333
Chr6	5600000	5800000	280
Chr6	5800000	6000000	279
Chr6	6000000	6200000	313
Chr6	6200000	6400000	322
Chr6	6400000	6600000	278
Chr6	6600000	6800000	245
Chr6	6800000	7000000	249
Chr6	7000000	7200000	335
Chr6	7200000	7400000	201
Chr6	7400000	7600000	232
Chr6	7600000	7800000	244
Chr6	7800000	8000000	318
Chr6	8000000	8200000	260
Chr6	8200000	8400000	149
Chr6	8400000	8600000	255
Chr6	8600000	8800000	215
Chr6	8800000	9000000	222
Chr6	9000000	9200000	190
Chr6	9200000	9400000	256
Chr6	9400000	9600000	221
Chr6	9600000	9800000	215
Chr6	9800000	10000000	131
Chr6	10000000	10200000	222
Chr6	10200000	10400000	125
Chr6	10400000	10600000	183
Chr6	10600000	10800000	87
Chr6	10800000	11000000	41
Chr6	11000000	11200000	148
Chr6	11200000	11400000	21
Chr6	11400000	11600000	6
Chr6	11600000	11800000	5
Chr6	11800000	12000000	4
Chr6	12000000	12200000	21
Chr6	12200000	12400000	4
Chr6	12400000	12600000	3
Chr6	12600000	12800000	3
Chr6	12800000	13000000	9
Chr6	13000000	13200000	84
Chr6	13200000	13400000	69
Chr6	13400000	13600000	100
Chr6	13600000	13800000	195
Chr6	13800000	14000000	113
Chr6	14000000	14200000	136
Chr6	14200000	14400000	287
Chr6	14400000	14600000	263
Chr6	14600000	14800000	154
Chr6	14800000	15000000	98
Chr6	15000000	15200000	35
Chr6	15200000	15400000	12
Chr6	15400000	15600000	8
Chr6	15600000	15800000	24
Chr6	15800000	16000000	52
Chr6	16000000	16200000	82
Chr6	16200000	16400000	43
Chr6	16400000	16600000	56
Chr6	16600000	16800000	117
Chr6	16800000	17000000	32
Chr6	17000000	17200000	3
Chr6	17200000	17400000	18
Chr6	17400000	17600000	164
Chr6	17600000	17800000	264
Chr6	17800000	18000000	278
Chr6	18000000	18200000	260
Chr6	18200000	18400000	305
Chr6	18400000	18600000	301
Chr6	18600000	18800000	312
Chr6	18800000	19000000	338
Chr6	19000000	19200000	382
Chr6	19200000	19400000	371
Chr6	19400000	19600000	327
Chr6	19600000	19800000	289
Chr6	19800000	20000000	272
Chr6	20000000	20200000	246
Chr6	20200000	20400000	394
Chr6	20400000	20600000	378
Chr6	20600000	20800000	469
Chr6	20800000	21000000	293
Chr6	21000000	21200000	344
Chr6	21200000	21400000	375
Chr6	21400000	21600000	288
Chr6	21600000	21800000	432
Chr6	21800000	22000000	435
Chr6	22000000	22200000	304
Chr6	22200000	22400000	78
Chr6	22400000	22600000	474
Chr6	22600000	22800000	225
Chr6	22800000	23000000	370
Chr6	23000000	23200000	385
Chr6	23200000	23400000	410
Chr6	23400000	23600000	423
Chr6	23600000	23800000	433
Chr6	23800000	24000000	393
Chr6	24000000	24200000	435
Chr6	24200000	24400000	161
Chr6	24400000	24600000	68
Chr6	24600000	24800000	282
Chr6	24800000	25000000	415
Chr6	25000000	25200000	475
Chr6	25200000	25400000	394
Chr6	25400000	25600000	427
Chr6	25600000	25800000	247
Chr6	25800000	26000000	304
Chr6	26000000	26200000	365
Chr6	26200000	26400000	263
Chr6	26400000	26600000	469
Chr6	26600000	26800000	297
Chr6	26800000	27000000	525
Chr6	27000000	27200000	371
Chr6	27200000	27400000	438
Chr6	27400000	27600000	412
Chr6	27600000	27800000	377
Chr6	27800000	28000000	434
Chr6	28000000	28200000	390
Chr6	28200000	28400000	395
Chr6	28400000	28600000	425
Chr6	28600000	28800000	617
Chr6	28800000	29000000	457
Chr6	29000000	29200000	500
Chr6	29200000	29400000	325
Chr6	29400000	29600000	395
Chr6	29600000	29800000	494
Chr6	29800000	30000000	437
Chr6	30000000	30200000	435
Chr6	30200000	30400000	290
Chr6	30400000	30600000	450
Chr6	30600000	30800000	439
Chr6	30800000	31000000	473
Chr6	31000000	31200000	212
Chr6	31200000	31400000	510
Chr6	31400000	31600000	491
Chr6	31600000	31800000	625
Chr6	31800000	32000000	450
Chr6	32000000	32200000	441
Chr6	32200000	32349783	229
Chr7	0	200000	244
Chr7	200000	400000	378
Chr7	400000	600000	184
Chr7	600000	800000	327
Chr7	800000	1000000	330
Chr7	1000000	1200000	485
Chr7	1200000	1400000	470
Chr7	1400000	1600000	212
Chr7	1600000	1800000	329
Chr7	1800000	2000000	419
Chr7	2000000	2200000	454
Chr7	2200000	2400000	277
Chr7	2400000	2600000	345
Chr7	2600000	2800000	206
Chr7	2800000	3000000	240
Chr7	3000000	3200000	348
Chr7	3200000	3400000	333
Chr7	3400000	3600000	435
Chr7	3600000	3800000	288
Chr7	3800000	4000000	367
Chr7	4000000	4200000	272
Chr7	4200000	4400000	385
Chr7	4400000	4600000	183
Chr7	4600000	4800000	281
Chr7	4800000	5000000	235
Chr7	5000000	5200000	342
Chr7	5200000	5400000	153
Chr7	5400000	5600000	402
Chr7	5600000	5800000	386
Chr7	5800000	6000000	296
Chr7	6000000	6200000	146
Chr7	6200000	6400000	133
Chr7	6400000	6600000	274
Chr7	6600000	6800000	220
Chr7	6800000	7000000	258
Chr7	7000000	7200000	150
Chr7	7200000	7400000	126
Chr7	7400000	7600000	425
Chr7	7600000	7800000	304
Chr7	7800000	8000000	433
Chr7	8000000	8200000	388
Chr7	8200000	8400000	302
Chr7	8400000	8600000	323
Chr7	8600000	8800000	261
Chr7	8800000	9000000	339
Chr7	9000000	9200000	234
Chr7	9200000	9400000	357
Chr7	9400000	9600000	97
Chr7	9600000	9800000	212
Chr7	9800000	10000000	39
Chr7	10000000	10200000	349
Chr7	10200000	10400000	302
Chr7	10400000	10600000	386
Chr7	10600000	10800000	380
Chr7	10800000	11000000	169
Chr7	11000000	11200000	36
Chr7	11200000	11400000	93
Chr7	11400000	11600000	161
Chr7	11600000	11800000	217
Chr7	11800000	12000000	130
Chr7	12000000	12200000	128
Chr7	12200000	12400000	282
Chr7	12400000	12600000	304
Chr7	12600000	12800000	369
Chr7	12800000	13000000	267
Chr7	13000000	13200000	285
Chr7	13200000	13400000	244
Chr7	13400000	13600000	320
Chr7	13600000	13800000	247
Chr7	13800000	14000000	315
Chr7	14000000	14200000	180
Chr7	14200000	14400000	269
Chr7	14400000	14600000	189
Chr7	14600000	14800000	432
Chr7	14800000	15000000	302
Chr7	15000000	15200000	271
Chr7	15200000	15400000	117
Chr7	15400000	15600000	67
Chr7	15600000	15800000	117
Chr7	15800000	16000000	114
Chr7	16000000	16200000	57
Chr7	16200000	16400000	25
Chr7	16400000	16600000	8
Chr7	16600000	16800000	2
Chr7	16800000	17000000	2
Chr7	17000000	17200000	4
Chr7	17200000	17400000	4
Chr7	17400000	17600000	17
Chr7	17600000	17800000	30
Chr7	17800000	18000000	175
Chr7	18000000	18200000	160
Chr7	18200000	18400000	324
Chr7	18400000	18600000	389
Chr7	18600000	18800000	396
Chr7	18800000	19000000	373
Chr7	19000000	19200000	254
Chr7	19200000	19400000	179
Chr7	19400000	19600000	106
Chr7	19600000	19800000	206
Chr7	19800000	20000000	257
Chr7	20000000	20200000	293
Chr7	20200000	20400000	217
Chr7	20400000	20600000	211
Chr7	20600000	20800000	286
Chr7	20800000	21000000	192
Chr7	21000000	21200000	299
Chr7	21200000	21400000	421
Chr7	21400000	21600000	384
Chr7	21600000	21800000	349
Chr7	21800000	22000000	389
Chr7	22000000	22200000	225
Chr7	22200000	22400000	359
Chr7	22400000	22600000	343
Chr7	22600000	22800000	353
Chr7	22800000	23000000	238
Chr7	23000000	23200000	202
Chr7	23200000	23400000	311
Chr7	23400000	23600000	329
Chr7	23600000	23800000	267
Chr7	23800000	24000000	240
Chr7	24000000	24200000	232
Chr7	24200000	24400000	178
Chr7	24400000	24600000	309
Chr7	24600000	24800000	303
Chr7	24800000	25000000	316
Chr7	25000000	25200000	390
Chr7	25200000	25400000	340
Chr7	25400000	25600000	392
Chr7	25600000	25800000	343
Chr7	25800000	26000000	404
Chr7	26000000	26200000	338
Chr7	26200000	26400000	402
Chr7	26400000	26600000	437
Chr7	26600000	26800000	440
Chr7	26800000	27000000	329
Chr7	27000000	27200000	126
Chr7	27200000	27400000	297
Chr7	27400000	27600000	335
Chr7	27600000	27800000	417
Chr7	27800000	28000000	505
Chr7	28000000	28200000	368
Chr7	28200000	28400000	323
Chr7	28400000	28600000	493
Chr7	28600000	28800000	415
Chr7	28800000	29000000	309
Chr7	29000000	29200000	405
Chr7	29200000	29400000	388
Chr7	29400000	29600000	472
Chr7	29600000	29800000	195
Chr7	29800000	30000000	124
Chr7	30000000	30200000	488
Chr7	30200000	30400000	476
Chr7	30400000	30600000	463
Chr7	30600000	30800000	523
Chr7	30800000	31000000	436
Chr7	31000000	31200000	310
Chr7	31200000	31400000	429
Chr7	31400000	31600000	146
Chr7	31600000	31800000	538
Chr7	31800000	32000000	438
Chr7	32000000	32200000	557
Chr7	32200000	32400000	503
Chr7	32400000	32600000	139
Chr7	32600000	32800000	164
Chr7	32800000	33000000	277
Chr7	33000000	33200000	549
Chr7	33200000	33400000	412
Chr7	33400000	33600000	508
Chr7	33600000	33800000	338
Chr7	33800000	34000000	370
Chr7	34000000	34200000	501
Chr7	34200000	34400000	476
Chr7	34400000	34600000	563
Chr7	34600000	34800000	552
Chr7	34800000	35000000	208
Chr7	35000000	35200000	145
Chr7	35200000	35400000	98
Chr7	35400000	35600000	527
Chr7	35600000	35800000	466
Chr7	35800000	36000000	251
Chr7	36000000	36200000	327
Chr7	36200000	36400000	535
Chr7	36400000	36600000	446
Chr7	36600000	36685546	138
Chr8	0	200000	279
Chr8	200000	400000	418
Chr8	400000	600000	416
Chr8	600000	800000	469
Chr8	800000	1000000	547
Chr8	1000000	1200000	580
Chr8	1200000	1400000	377
Chr8	1400000	1600000	212
Chr8	1600000	1800000	430
Chr8	1800000	2000000	413
Chr8	2000000	2200000	417
Chr8	2200000	2400000	588
Chr8	2400000	2600000	348
Chr8	2600000	2800000	426
Chr8	2800000	3000000	511
Chr8	3000000	3200000	297
Chr8	3200000	3400000	369
Chr8	3400000	3600000	230
Chr8	3600000	3800000	289
Chr8	3800000	4000000	260
Chr8	4000000	4200000	194
Chr8	4200000	4400000	67
Chr8	4400000	4600000	105
Chr8	4600000	4800000	346
Chr8	4800000	5000000	412
Chr8	5000000	5200000	438
Chr8	5200000	5400000	505
Chr8	5400000	5600000	410
Chr8	5600000	5800000	480
Chr8	5800000	6000000	399
Chr8	6000000	6200000	383
Chr8	6200000	6400000	269
Chr8	6400000	6600000	392
Chr8	6600000	6800000	543
Chr8	6800000	7000000	491
Chr8	7000000	7200000	343
Chr8	7200000	7400000	436
Chr8	7400000	7600000	350
Chr8	7600000	7800000	444
Chr8	7800000	8000000	444
Chr8	8000000	8200000	427
Chr8	8200000	8400000	412
Chr8	8400000	8600000	365
Chr8	8600000	8800000	250
Chr8	8800000	9000000	339
Chr8	9000000	9200000	270
Chr8	9200000	9400000	305
Chr8	9400000	9600000	333
Chr8	9600000	9800000	242
Chr8	9800000	10000000	340
Chr8	10000000	10200000	300
Chr8	10200000	10400000	405
Chr8	10400000	10600000	340
Chr8	10600000	10800000	276
Chr8	10800000	11000000	226
Chr8	11000000	11200000	445
Chr8	11200000	11400000	461
Chr8	11400000	11600000	244
Chr8	11600000	11800000	431
Chr8	11800000	12000000	282
Chr8	12000000	12200000	258
Chr8	12200000	12400000	309
Chr8	12400000	12600000	352
Chr8	12600000	12800000	226
Chr8	12800000	13000000	319
Chr8	13000000	13200000	134
Chr8	13200000	13400000	321
Chr8	13400000	13600000	137
Chr8	13600000	13800000	238
Chr8	13800000	14000000	179
Chr8	14000000	14200000	322
Chr8	14200000	14400000	265
Chr8	14400000	14600000	336
Chr8	14600000	14800000	320
Chr8	14800000	15000000	226
Chr8	15000000	15200000	116
Chr8	15200000	15400000	280
Chr8	15400000	15600000	204
Chr8	15600000	15800000	133
Chr8	15800000	16000000	130
Chr8	16000000	16200000	115
Chr8	16200000	16400000	11
Chr8	16400000	16600000	128
Chr8	16600000	16800000	234
Chr8	16800000	17000000	186
Chr8	17000000	17200000	146
Chr8	17200000	17400000	16
Chr8	17400000	17600000	27
Chr8	17600000	17800000	4
Chr8	17800000	18000000	2
Chr8	18000000	18200000	3
Chr8	18200000	18400000	4
Chr8	18400000	18600000	9
Chr8	18600000	18800000	19
Chr8	18800000	19000000	136
Chr8	19000000	19200000	248
Chr8	19200000	19400000	287
Chr8	19400000	19600000	149
Chr8	19600000	19800000	152
Chr8	19800000	20000000	268
Chr8	20000000	20200000	208
Chr8	20200000	20400000	294
Chr8	20400000	20600000	243
Chr8	20600000	20800000	160
Chr8	20800000	21000000	313
Chr8	21000000	21200000	367
Chr8	21200000	21400000	370
Chr8	21400000	21600000	337
Chr8	21600000	21800000	275
Chr8	21800000	22000000	329
Chr8	22000000	22200000	346
Chr8	22200000	22400000	484
Chr8	22400000	22600000	302
Chr8	22600000	22800000	418
Chr8	22800000	23000000	438
Chr8	23000000	23200000	288
Chr8	23200000	23400000	223
Chr8	23400000	23600000	293
Chr8	23600000	23800000	322
Chr8	23800000	24000000	378
Chr8	24000000	24200000	251
Chr8	24200000	24400000	254
Chr8	24400000	24600000	265
Chr8	24600000	24800000	277
Chr8	24800000	25000000	453
Chr8	25000000	25200000	445
Chr8	25200000	25400000	191
Chr8	25400000	25600000	196
Chr8	25600000	25800000	334
Chr8	25800000	26000000	341
Chr8	26000000	26200000	233
Chr8	26200000	26400000	208
Chr8	26400000	26600000	264
Chr8	26600000	26800000	504
Chr8	26800000	27000000	331
Chr8	27000000	27200000	400
Chr8	27200000	27400000	400
Chr8	27400000	27600000	480
Chr8	27600000	27800000	239
Chr8	27800000	28000000	450
Chr8	28000000	28200000	482
Chr8	28200000	28400000	261
Chr8	28400000	28600000	268
Chr8	28600000	28800000	400
Chr8	28800000	29000000	164
Chr8	29000000	29200000	271
Chr8	29200000	29400000	273
Chr8	29400000	29600000	262
Chr8	29600000	29800000	249
Chr8	29800000	30000000	302
Chr8	30000000	30200000	372
Chr8	30200000	30400000	292
Chr8	30400000	30600000	168
Chr8	30600000	30800000	413
Chr8	30800000	31000000	423
Chr8	31000000	31200000	340
Chr8	31200000	31371431	66
Chr9	0	200000	62
Chr9	200000	400000	412
Chr9	400000	600000	462
Chr9	600000	800000	500
Chr9	800000	1000000	618
Chr9	1000000	1200000	625
Chr9	1200000	1400000	414
Chr9	1400000	1600000	309
Chr9	1600000	1800000	119
Chr9	1800000	2000000	72
Chr9	2000000	2200000	333
Chr9	2200000	2400000	407
Chr9	2400000	2600000	492
Chr9	2600000	2800000	318
Chr9	2800000	3000000	295
Chr9	3000000	3200000	415
Chr9	3200000	3400000	417
Chr9	3400000	3600000	440
Chr9	3600000	3800000	390
Chr9	3800000	4000000	468
Chr9	4000000	4200000	270
Chr9	4200000	4400000	310
Chr9	4400000	4600000	360
Chr9	4600000	4800000	410
Chr9	4800000	5000000	351
Chr9	5000000	5200000	411
Chr9	5200000	5400000	414
Chr9	5400000	5600000	463
Chr9	5600000	5800000	407
Chr9	5800000	6000000	378
Chr9	6000000	6200000	436
Chr9	6200000	6400000	406
Chr9	6400000	6600000	350
Chr9	6600000	6800000	294
Chr9	6800000	7000000	424
Chr9	7000000	7200000	362
Chr9	7200000	7400000	406
Chr9	7400000	7600000	393
Chr9	7600000	7800000	330
Chr9	7800000	8000000	275
Chr9	8000000	8200000	530
Chr9	8200000	8400000	354
Chr9	8400000	8600000	368
Chr9	8600000	8800000	526
Chr9	8800000	9000000	325
Chr9	9000000	9200000	126
Chr9	9200000	9400000	306
Chr9	9400000	9600000	484
Chr9	9600000	9800000	406
Chr9	9800000	10000000	162
Chr9	10000000	10200000	128
Chr9	10200000	10400000	399
Chr9	10400000	10600000	298
Chr9	10600000	10800000	279
Chr9	10800000	11000000	354
Chr9	11000000	11200000	364
Chr9	11200000	11400000	356
Chr9	11400000	11600000	415
Chr9	11600000	11800000	513
Chr9	11800000	12000000	424
Chr9	12000000	12200000	374
Chr9	12200000	12400000	313
Chr9	12400000	12600000	362
Chr9	12600000	12800000	371
Chr9	12800000	13000000	401
Chr9	13000000	13200000	316
Chr9	13200000	13400000	245
Chr9	13400000	13600000	196
Chr9	13600000	13800000	382
Chr9	13800000	14000000	357
Chr9	14000000	14200000	360
Chr9	14200000	14400000	414
Chr9	14400000	14600000	293
Chr9	14600000	14800000	375
Chr9	14800000	15000000	325
Chr9	15000000	15200000	347
Chr9	15200000	15400000	359
Chr9	15400000	15600000	349
Chr9	15600000	15800000	281
Chr9	15800000	16000000	342
Chr9	16000000	16200000	315
Chr9	16200000	16400000	367
Chr9	16400000	16600000	298
Chr9	16600000	16800000	367
Chr9	16800000	17000000	207
Chr9	17000000	17200000	305
Chr9	17200000	17400000	396
Chr9	17400000	17600000	311
Chr9	17600000	17800000	308
Chr9	17800000	18000000	329
Chr9	18000000	18200000	348
Chr9	18200000	18400000	287
Chr9	18400000	18600000	330
Chr9	18600000	18800000	299
Chr9	18800000	19000000	244
Chr9	19000000	19200000	347
Chr9	19200000	19400000	316
Chr9	19400000	19600000	211
Chr9	19600000	19800000	270
Chr9	19800000	20000000	218
Chr9	20000000	20200000	98
Chr9	20200000	20400000	217
Chr9	20400000	20600000	147
Chr9	20600000	20800000	52
Chr9	20800000	21000000	58
Chr9	21000000	21200000	177
Chr9	21200000	21400000	84
Chr9	21400000	21600000	111
Chr9	21600000	21800000	219
Chr9	21800000	22000000	65
Chr9	22000000	22200000	2
Chr9	22200000	22400000	3
Chr9	22400000	22600000	3
Chr9	22600000	22800000	3
Chr9	22800000	23000000	7
Chr9	23000000	23200000	10
Chr9	23200000	23400000	0
Chr9	23400000	23600000	1
Chr9	23600000	23800000	30
Chr9	23800000	24000000	25
Chr9	24000000	24200000	17
Chr9	24200000	24400000	58
Chr9	24400000	24600000	61
Chr9	24600000	24800000	39
Chr9	24800000	25000000	236
Chr9	25000000	25200000	205
Chr9	25200000	25400000	130
Chr9	25400000	25600000	209
Chr9	25600000	25800000	194
Chr9	25800000	26000000	337
Chr9	26000000	26200000	299
Chr9	26200000	26400000	335
Chr9	26400000	26600000	268
Chr9	26600000	26800000	76
Chr9	26800000	27000000	265
Chr9	27000000	27200000	276
Chr9	27200000	27400000	235
Chr9	27400000	27600000	203
Chr9	27600000	27800000	410
Chr9	27800000	28000000	324
Chr9	28000000	28200000	396
Chr9	28200000	28400000	402
Chr9	28400000	28600000	300
Chr9	28600000	28800000	274
Chr9	28800000	29000000	129
Chr9	29000000	29200000	269
Chr9	29200000	29400000	287
Chr9	29400000	29600000	353
Chr9	29600000	29800000	146
Chr9	29800000	30000000	335
Chr9	30000000	30200000	107
Chr9	30200000	30400000	300
Chr9	30400000	30600000	328
Chr9	30600000	30800000	391
Chr9	30800000	31000000	284
Chr9	31000000	31200000	13
Chr9	31200000	31400000	302
Chr9	31400000	31600000	321
Chr9	31600000	31800000	384
Chr9	31800000	32000000	216
Chr9	32000000	32200000	50
Chr9	32200000	32400000	118
Chr9	32400000	32600000	94
Chr9	32600000	32800000	235
Chr9	32800000	33000000	312
Chr9	33000000	33200000	342
Chr9	33200000	33400000	299
Chr9	33400000	33600000	264
Chr9	33600000	33800000	309
Chr9	33800000	34000000	296
Chr9	34000000	34200000	256
Chr9	34200000	34400000	303
Chr9	34400000	34600000	156
Chr9	34600000	34800000	331
Chr9	34800000	35000000	78
Chr9	35000000	35059391	32
Chr10	0	200000	110
Chr10	200000	400000	194
Chr10	400000	600000	75
Chr10	600000	800000	274
Chr10	800000	1000000	244
Chr10	1000000	1200000	335
Chr10	1200000	1400000	91
Chr10	1400000	1600000	401
Chr10	1600000	1800000	293
Chr10	1800000	2000000	328
Chr10	2000000	2200000	176
Chr10	2200000	2400000	257
Chr10	2400000	2600000	332
Chr10	2600000	2800000	59
Chr10	2800000	3000000	320
Chr10	3000000	3200000	227
Chr10	3200000	3400000	263
Chr10	3400000	3600000	486
Chr10	3600000	3800000	302
Chr10	3800000	4000000	216
Chr10	4000000	4200000	374
Chr10	4200000	4400000	375
Chr10	4400000	4600000	315
Chr10	4600000	4800000	355
Chr10	4800000	5000000	232
Chr10	5000000	5200000	339
Chr10	5200000	5400000	325
Chr10	5400000	5600000	432
Chr10	5600000	5800000	372
Chr10	5800000	6000000	369
Chr10	6000000	6200000	343
Chr10	6200000	6400000	232
Chr10	6400000	6600000	160
Chr10	6600000	6800000	126
Chr10	6800000	7000000	226
Chr10	7000000	7200000	448
Chr10	7200000	7400000	417
Chr10	7400000	7600000	176
Chr10	7600000	7800000	112
Chr10	7800000	8000000	266
Chr10	8000000	8200000	370
Chr10	8200000	8400000	418
Chr10	8400000	8600000	383
Chr10	8600000	8800000	307
Chr10	8800000	9000000	236
Chr10	9000000	9200000	283
Chr10	9200000	9400000	306
Chr10	9400000	9600000	322
Chr10	9600000	9800000	196
Chr10	9800000	10000000	252
Chr10	10000000	10200000	258
Chr10	10200000	10400000	253
Chr10	10400000	10600000	243
Chr10	10600000	10800000	298
Chr10	10800000	11000000	243
Chr10	11000000	11200000	289
Chr10	11200000	11400000	188
Chr10	11400000	11600000	242
Chr10	11600000	11800000	314
Chr10	11800000	12000000	376
Chr10	12000000	12200000	352
Chr10	12200000	12400000	313
Chr10	12400000	12600000	182
Chr10	12600000	12800000	304
Chr10	12800000	13000000	407
Chr10	13000000	13200000	233
Chr10	13200000	13400000	281
Chr10	13400000	13600000	274
Chr10	13600000	13800000	112
Chr10	13800000	14000000	228
Chr10	14000000	14200000	254
Chr10	14200000	14400000	72
Chr10	14400000	14600000	138
Chr10	14600000	14800000	206
Chr10	14800000	15000000	52
Chr10	15000000	15200000	33
Chr10	15200000	15400000	11
Chr10	15400000	15600000	9
Chr10	15600000	15800000	5
Chr10	15800000	16000000	2
Chr10	16000000	16200000	2
Chr10	16200000	16400000	13
Chr10	16400000	16600000	5
Chr10	16600000	16800000	4
Chr10	16800000	17000000	50
Chr10	17000000	17200000	109
Chr10	17200000	17400000	51
Chr10	17400000	17600000	47
Chr10	17600000	17800000	40
Chr10	17800000	18000000	52
Chr10	18000000	18200000	42
Chr10	18200000	18400000	53
Chr10	18400000	18600000	46
Chr10	18600000	18800000	122
Chr10	18800000	19000000	216
Chr10	19000000	19200000	207
Chr10	19200000	19400000	139
Chr10	19400000	19600000	166
Chr10	19600000	19800000	239
Chr10	19800000	20000000	313
Chr10	20000000	20200000	259
Chr10	20200000	20400000	331
Chr10	20400000	20600000	231
Chr10	20600000	20800000	284
Chr10	20800000	21000000	258
Chr10	21000000	21200000	249
Chr10	21200000	21400000	203
Chr10	21400000	21600000	262
Chr10	21600000	21800000	281
Chr10	21800000	22000000	315
Chr10	22000000	22200000	321
Chr10	22200000	22400000	267
Chr10	22400000	22600000	232
Chr10	22600000	22800000	267
Chr10	22800000	23000000	358
Chr10	23000000	23200000	331
Chr10	23200000	23400000	344
Chr10	23400000	23600000	305
Chr10	23600000	23800000	235
Chr10	23800000	24000000	192
Chr10	24000000	24200000	246
Chr10	24200000	24400000	411
Chr10	24400000	24600000	321
Chr10	24600000	24800000	185
Chr10	24800000	25000000	33
Chr10	25000000	25200000	60
Chr10	25200000	25400000	347
Chr10	25400000	25600000	229
Chr10	25600000	25800000	342
Chr10	25800000	26000000	241
Chr10	26000000	26200000	281
Chr10	26200000	26400000	276
Chr10	26400000	26600000	300
Chr10	26600000	26800000	381
Chr10	26800000	27000000	323
Chr10	27000000	27200000	354
Chr10	27200000	27400000	282
Chr10	27400000	27600000	141
Chr10	27600000	27800000	155
Chr10	27800000	28000000	369
Chr10	28000000	28200000	173
Chr10	28200000	28400000	411
Chr10	28400000	28600000	288
Chr10	28600000	28800000	426
Chr10	28800000	29000000	354
Chr10	29000000	29200000	252
Chr10	29200000	29400000	376
Chr10	29400000	29600000	295
Chr10	29600000	29800000	413
Chr10	29800000	30000000	408
Chr10	30000000	30200000	373
Chr10	30200000	30400000	346
Chr10	30400000	30600000	308
Chr10	30600000	30800000	240
Chr10	30800000	31000000	415
Chr10	31000000	31200000	326
Chr10	31200000	31400000	358
Chr10	31400000	31600000	264
Chr10	31600000	31800000	296
Chr10	31800000	32000000	220
Chr10	32000000	32200000	303
Chr10	32200000	32400000	310
Chr10	32400000	32600000	393
Chr10	32600000	32800000	201
Chr10	32800000	33000000	281
Chr10	33000000	33200000	402
Chr10	33200000	33400000	344
Chr10	33400000	33600000	363
Chr10	33600000	33800000	411
Chr10	33800000	34000000	282
Chr10	34000000	34200000	307
Chr10	34200000	34400000	372
Chr10	34400000	34600000	403
Chr10	34600000	34800000	396
Chr10	34800000	35000000	388
Chr10	35000000	35200000	367
Chr10	35200000	35400000	386
Chr10	35400000	35600000	465
Chr10	35600000	35800000	344
Chr10	35800000	36000000	102
Chr10	36000000	36200000	91
Chr10	36200000	36400000	129
Chr10	36400000	36600000	448
Chr10	36600000	36800000	450
Chr10	36800000	37000000	354
Chr10	37000000	37200000	457
Chr10	37200000	37400000	510
Chr10	37400000	37600000	449
Chr10	37600000	37800000	510
Chr10	37800000	38000000	432
Chr10	38000000	38200000	340
Chr10	38200000	38400000	479
Chr10	38400000	38600000	548
Chr10	38600000	38800000	575
Chr10	38800000	39000000	308
Chr10	39000000	39200000	473
Chr10	39200000	39400000	548
Chr10	39400000	39600000	536
Chr10	39600000	39800000	410
Chr10	39800000	40000000	389
Chr10	40000000	40200000	367
Chr10	40200000	40400000	558
Chr10	40400000	40600000	594
Chr10	40600000	40800000	252
Chr10	40800000	41000000	173
Chr10	41000000	41200000	182
Chr10	41200000	41400000	145
Chr10	41400000	41600000	142
Chr10	41600000	41800000	331
Chr10	41800000	42000000	302
Chr10	42000000	42200000	452
Chr10	42200000	42400000	483
Chr10	42400000	42600000	528
Chr10	42600000	42800000	372
Chr10	42800000	43000000	407
Chr10	43000000	43200000	231
Chr10	43200000	43400000	429
Chr10	43400000	43600000	370
Chr10	43600000	43700000	193
Chr11	0	200000	380
Chr11	200000	400000	408
Chr11	400000	600000	250
Chr11	600000	800000	527
Chr11	800000	1000000	277
Chr11	1000000	1200000	451
Chr11	1200000	1400000	321
Chr11	1400000	1600000	168
Chr11	1600000	1800000	153
Chr11	1800000	2000000	114
Chr11	2000000	2200000	383
Chr11	2200000	2400000	393
Chr11	2400000	2600000	344
Chr11	2600000	2800000	536
Chr11	2800000	3000000	283
Chr11	3000000	3200000	404
Chr11	3200000	3400000	240
Chr11	3400000	3600000	358
Chr11	3600000	3800000	398
Chr11	3800000	4000000	223
Chr11	4000000	4200000	468
Chr11	4200000	4400000	229
Chr11	4400000	4600000	135
Chr11	4600000	4800000	375
Chr11	4800000	5000000	255
Chr11	5000000	5200000	268
Chr11	5200000	5400000	394
Chr11	5400000	5600000	342
Chr11	5600000	5800000	297
Chr11	5800000	6000000	324
Chr11	6000000	6200000	408
Chr11	6200000	6400000	371
Chr11	6400000	6600000	440
Chr11	6600000	6800000	345
Chr11	6800000	7000000	173
Chr11	7000000	7200000	337
Chr11	7200000	7400000	374
Chr11	7400000	7600000	216
Chr11	7600000	7800000	422
Chr11	7800000	8000000	132
Chr11	8000000	8200000	333
Chr11	8200000	8400000	373
Chr11	8400000	8600000	412
Chr11	8600000	8800000	328
Chr11	8800000	9000000	104
Chr11	9000000	9200000	63
Chr11	9200000	9400000	47
Chr11	9400000	9600000	150
Chr11	9600000	9800000	340
Chr11	9800000	10000000	325
Chr11	10000000	10200000	377
Chr11	10200000	10400000	414
Chr11	10400000	10600000	303
Chr11	10600000	10800000	416
Chr11	10800000	11000000	274
Chr11	11000000	11200000	135
Chr11	11200000	11400000	380
Chr11	11400000	11600000	437
Chr11	11600000	11800000	434
Chr11	11800000	12000000	398
Chr11	12000000	12200000	370
Chr11	12200000	12400000	270
Chr11	12400000	12600000	325
Chr11	12600000	12800000	58
Chr11	12800000	13000000	124
Chr11	13000000	13200000	397
Chr11	13200000	13400000	303
Chr11	13400000	13600000	436
Chr11	13600000	13800000	398
Chr11	13800000	14000000	419
Chr11	14000000	14200000	291
Chr11	14200000	14400000	356
Chr11	14400000	14600000	469
Chr11	14600000	14800000	405
Chr11	14800000	15000000	356
Chr11	15000000	15200000	351
Chr11	15200000	15400000	439
Chr11	15400000	15600000	341
Chr11	15600000	15800000	185
Chr11	15800000	16000000	88
Chr11	16000000	16200000	463
Chr11	16200000	16400000	406
Chr11	16400000	16600000	382
Chr11	16600000	16800000	299
Chr11	16800000	17000000	338
Chr11	17000000	17200000	276
Chr11	17200000	17400000	332
Chr11	17400000	17600000	238
Chr11	17600000	17800000	112
Chr11	17800000	18000000	191
Chr11	18000000	18200000	226
Chr11	18200000	18400000	342
Chr11	18400000	18600000	289
Chr11	18600000	18800000	310
Chr11	18800000	19000000	264
Chr11	19000000	19200000	302
Chr11	19200000	19400000	276
Chr11	19400000	19600000	340
Chr11	19600000	19800000	274
Chr11	19800000	20000000	248
Chr11	20000000	20200000	327
Chr11	20200000	20400000	245
Chr11	20400000	20600000	268
Chr11	20600000	20800000	255
Chr11	20800000	21000000	146
Chr11	21000000	21200000	16
Chr11	21200000	21400000	3
Chr11	21400000	21600000	5
Chr11	21600000	21800000	3
Chr11	21800000	22000000	0
Chr11	22000000	22200000	0
Chr11	22200000	22400000	45
Chr11	22400000	22600000	129
Chr11	22600000	22800000	185
Chr11	22800000	23000000	311
Chr11	23000000	23200000	157
Chr11	23200000	23400000	271
Chr11	23400000	23600000	306
Chr11	23600000	23800000	247
Chr11	23800000	24000000	234
Chr11	24000000	24200000	327
Chr11	24200000	24400000	391
Chr11	24400000	24600000	300
Chr11	24600000	24800000	274
Chr11	24800000	25000000	369
Chr11	25000000	25200000	230
Chr11	25200000	25400000	359
Chr11	25400000	25600000	317
Chr11	25600000	25800000	328
Chr11	25800000	26000000	331
Chr11	26000000	26200000	203
Chr11	26200000	26400000	220
Chr11	26400000	26600000	346
Chr11	26600000	26800000	354
Chr11	26800000	27000000	161
Chr11	27000000	27200000	158
Chr11	27200000	27400000	309
Chr11	27400000	27600000	418
Chr11	27600000	27800000	344
Chr11	27800000	28000000	275
Chr11	28000000	28200000	428
Chr11	28200000	28400000	291
Chr11	28400000	28600000	364
Chr11	28600000	28800000	267
Chr11	28800000	29000000	355
Chr11	29000000	29200000	321
Chr11	29200000	29400000	351
Chr11	29400000	29600000	395
Chr11	29600000	29800000	241
Chr11	29800000	30000000	361
Chr11	30000000	30200000	369
Chr11	30200000	30400000	360
Chr11	30400000	30600000	374
Chr11	30600000	30800000	274
Chr11	30800000	31000000	311
Chr11	31000000	31200000	206
Chr11	31200000	31400000	381
Chr11	31400000	31600000	253
Chr11	31600000	31800000	299
Chr11	31800000	32000000	326
Chr11	32000000	32200000	427
Chr11	32200000	32400000	364
Chr11	32400000	32600000	307
Chr11	32600000	32800000	289
Chr11	32800000	33000000	359
Chr11	33000000	33200000	493
Chr11	33200000	33400000	213
Chr11	33400000	33600000	400
Chr11	33600000	33800000	524
Chr11	33800000	34000000	430
Chr11	34000000	34200000	395
Chr11	34200000	34400000	439
Chr11	34400000	34600000	357
Chr11	34600000	34800000	183
Chr11	34800000	35000000	242
Chr11	35000000	35200000	398
Chr11	35200000	35400000	341
Chr11	35400000	35600000	228
Chr11	35600000	35800000	427
Chr11	35800000	36000000	471
Chr11	36000000	36200000	485
Chr11	36200000	36400000	470
Chr11	36400000	36600000	300
Chr11	36600000	36800000	166
Chr11	36800000	37000000	291
Chr11	37000000	37200000	363
Chr11	37200000	37400000	271
Chr11	37400000	37600000	318
Chr11	37600000	37800000	428
Chr11	37800000	38000000	485
Chr11	38000000	38200000	364
Chr11	38200000	38400000	381
Chr11	38400000	38600000	183
Chr11	38600000	38800000	498
Chr11	38800000	39000000	342
Chr11	39000000	39200000	136
Chr11	39200000	39400000	517
Chr11	39400000	39600000	339
Chr11	39600000	39651545	81
Chr12	0	200000	277
Chr12	200000	400000	404
Chr12	400000	600000	368
Chr12	600000	800000	479
Chr12	800000	1000000	320
Chr12	1000000	1200000	453
Chr12	1200000	1400000	446
Chr12	1400000	1600000	359
Chr12	1600000	1800000	446
Chr12	1800000	2000000	261
Chr12	2000000	2200000	430
Chr12	2200000	2400000	452
Chr12	2400000	2600000	458
Chr12	2600000	2800000	186
Chr12	2800000	3000000	209
Chr12	3000000	3200000	356
Chr12	3200000	3400000	371
Chr12	3400000	3600000	346
Chr12	3600000	3800000	505
Chr12	3800000	4000000	347
Chr12	4000000	4200000	199
Chr12	4200000	4400000	379
Chr12	4400000	4600000	427
Chr12	4600000	4800000	474
Chr12	4800000	5000000	338
Chr12	5000000	5200000	308
Chr12	5200000	5400000	199
Chr12	5400000	5600000	415
Chr12	5600000	5800000	339
Chr12	5800000	6000000	389
Chr12	6000000	6200000	421
Chr12	6200000	6400000	540
Chr12	6400000	6600000	319
Chr12	6600000	6800000	322
Chr12	6800000	7000000	355
Chr12	7000000	7200000	332
Chr12	7200000	7400000	392
Chr12	7400000	7600000	346
Chr12	7600000	7800000	206
Chr12	7800000	8000000	267
Chr12	8000000	8200000	260
Chr12	8200000	8400000	250
Chr12	8400000	8600000	319
Chr12	8600000	8800000	341
Chr12	8800000	9000000	434
Chr12	9000000	9200000	162
Chr12	9200000	9400000	32
Chr12	9400000	9600000	28
Chr12	9600000	9800000	71
Chr12	9800000	10000000	267
Chr12	10000000	10200000	274
Chr12	10200000	10400000	461
Chr12	10400000	10600000	299
Chr12	10600000	10800000	287
Chr12	10800000	11000000	206
Chr12	11000000	11200000	224
Chr12	11200000	11400000	273
Chr12	11400000	11600000	285
Chr12	11600000	11800000	245
Chr12	11800000	12000000	235
Chr12	12000000	12200000	207
Chr12	12200000	12400000	136
Chr12	12400000	12600000	114
Chr12	12600000	12800000	193
Chr12	12800000	13000000	77
Chr12	13000000	13200000	8
Chr12	13200000	13400000	7
Chr12	13400000	13600000	4
Chr12	13600000	13800000	2
Chr12	13800000	14000000	1
Chr12	14000000	14200000	0
Chr12	14200000	14400000	1
Chr12	14400000	14600000	4
Chr12	14600000	14800000	1
Chr12	14800000	15000000	9
Chr12	15000000	15200000	21
Chr12	15200000	15400000	99
Chr12	15400000	15600000	306
Chr12	15600000	15800000	372
Chr12	15800000	16000000	239
Chr12	16000000	16200000	376
Chr12	16200000	16400000	255
Chr12	16400000	16600000	329
Chr12	16600000	16800000	302
Chr12	16800000	17000000	372
Chr12	17000000	17200000	124
Chr12	17200000	17400000	110
Chr12	17400000	17600000	375
Chr12	17600000	17800000	297
Chr12	17800000	18000000	424
Chr12	18000000	18200000	543
Chr12	18200000	18400000	441
Chr12	18400000	18600000	361
Chr12	18600000	18800000	334
Chr12	18800000	19000000	391
Chr12	19000000	19200000	346
Chr12	19200000	19400000	329
Chr12	19400000	19600000	431
Chr12	19600000	19800000	278
Chr12	19800000	20000000	399
Chr12	20000000	20200000	178
Chr12	20200000	20400000	170
Chr12	20400000	20600000	352
Chr12	20600000	20800000	254
Chr12	20800000	21000000	369
Chr12	21000000	21200000	442
Chr12	21200000	21400000	477
Chr12	21400000	21600000	440
Chr12	21600000	21800000	312
Chr12	21800000	22000000	157
Chr12	22000000	22200000	295
Chr12	22200000	22400000	349
Chr12	22400000	22600000	268
Chr12	22600000	22800000	353
Chr12	22800000	23000000	337
Chr12	23000000	23200000	384
Chr12	23200000	23400000	482
Chr12	23400000	23600000	286
Chr12	23600000	23800000	393
Chr12	23800000	24000000	396
Chr12	24000000	24200000	82
Chr12	24200000	24400000	47
Chr12	24400000	24600000	236
Chr12	24600000	24800000	113
Chr12	24800000	25000000	325
Chr12	25000000	25200000	351
Chr12	25200000	25400000	385
Chr12	25400000	25600000	324
Chr12	25600000	25800000	363
Chr12	25800000	26000000	417
Chr12	26000000	26200000	478
Chr12	26200000	26400000	377
Chr12	26400000	26600000	419
Chr12	26600000	26800000	561
Chr12	26800000	27000000	493
Chr12	27000000	27200000	460
Chr12	27200000	27400000	439
Chr12	27400000	27600000	493
Chr12	27600000	27800000	530
Chr12	27800000	28000000	584
Chr12	28000000	28200000	263
Chr12	28200000	28400000	353
Chr12	28400000	28600000	289
Chr12	28600000	28800000	351
Chr12	28800000	29000000	462
Chr12	29000000	29200000	403
Chr12	29200000	29400000	320
Chr12	29400000	29600000	281
Chr12	29600000	29800000	299
Chr12	29800000	30000000	555
Chr12	30000000	30200000	453
Chr12	30200000	30400000	445
Chr12	30400000	30600000	405
Chr12	30600000	30800000	210
Chr12	30800000	31000000	535
Chr12	31000000	31200000	356
Chr12	31200000	31400000	303
Chr12	31400000	31600000	557
Chr12	31600000	31800000	505
Chr12	31800000	31915921	199
Chr13	0	200000	383
Chr13	200000	400000	510
Chr13	400000	600000	440
Chr13	600000	800000	256
Chr13	800000	1000000	462
Chr13	1000000	1200000	528
Chr13	1200000	1400000	417
Chr13	1400000	1600000	390
Chr13	1600000	1800000	519
Chr13	1800000	2000000	566
Chr13	2000000	2200000	353
Chr13	2200000	2400000	458
Chr13	2400000	2600000	370
Chr13	2600000	2800000	318
Chr13	2800000	3000000	476
Chr13	3000000	3200000	533
Chr13	3200000	3400000	401
Chr13	3400000	3600000	414
Chr13	3600000	3800000	188
Chr13	3800000	4000000	271
Chr13	4000000	4200000	413
Chr13	4200000	4400000	569
Chr13	4400000	4600000	524
Chr13	4600000	4800000	247
Chr13	4800000	5000000	434
Chr13	5000000	5200000	441
Chr13	5200000	5400000	500
Chr13	5400000	5600000	481
Chr13	5600000	5800000	516
Chr13	5800000	6000000	506
Chr13	6000000	6200000	396
Chr13	6200000	6400000	531
Chr13	6400000	6600000	521
Chr13	6600000	6800000	349
Chr13	6800000	7000000	395
Chr13	7000000	7200000	331
Chr13	7200000	7400000	320
Chr13	7400000	7600000	386
Chr13	7600000	7800000	325
Chr13	7800000	8000000	297
Chr13	8000000	8200000	362
Chr13	8200000	8400000	401
Chr13	8400000	8600000	519
Chr13	8600000	8800000	442
Chr13	8800000	9000000	290
Chr13	9000000	9200000	358
Chr13	9200000	9400000	421
Chr13	9400000	9600000	407
Chr13	9600000	9800000	409
Chr13	9800000	10000000	471
Chr13	10000000	10200000	474
Chr13	10200000	10400000	365
Chr13	10400000	10600000	388
Chr13	10600000	10800000	371
Chr13	10800000	11000000	482
Chr13	11000000	11200000	433
Chr13	11200000	11400000	398
Chr13	11400000	11600000	359
Chr13	11600000	11800000	283
Chr13	11800000	12000000	471
Chr13	12000000	12200000	280
Chr13	12200000	12400000	276
Chr13	12400000	12600000	362
Chr13	12600000	12800000	410
Chr13	12800000	13000000	409
Chr13	13000000	13200000	418
Chr13	13200000	13400000	375
Chr13	13400000	13600000	377
Chr13	13600000	13800000	362
Chr13	13800000	14000000	263
Chr13	14000000	14200000	408
Chr13	14200000	14400000	462
Chr13	14400000	14600000	463
Chr13	14600000	14800000	362
Chr13	14800000	15000000	355
Chr13	15000000	15200000	352
Chr13	15200000	15400000	265
Chr13	15400000	15600000	354
Chr13	15600000	15800000	370
Chr13	15800000	16000000	161
Chr13	16000000	16200000	293
Chr13	16200000	16400000	318
Chr13	16400000	16600000	335
Chr13	16600000	16800000	180
Chr13	16800000	17000000	270
Chr13	17000000	17200000	252
Chr13	17200000	17400000	285
Chr13	17400000	17600000	252
Chr13	17600000	17800000	323
Chr13	17800000	18000000	342
Chr13	18000000	18200000	350
Chr13	18200000	18400000	304
Chr13	18400000	18600000	341
Chr13	18600000	18800000	355
Chr13	18800000	19000000	345
Chr13	19000000	19200000	199
Chr13	19200000	19400000	333
Chr13	19400000	19600000	403
Chr13	19600000	19800000	401
Chr13	19800000	20000000	201
Chr13	20000000	20200000	298
Chr13	20200000	20400000	325
Chr13	20400000	20600000	246
Chr13	20600000	20800000	327
Chr13	20800000	21000000	229
Chr13	21000000	21200000	284
Chr13	21200000	21400000	376
Chr13	21400000	21600000	356
Chr13	21600000	21800000	347
Chr13	21800000	22000000	377
Chr13	22000000	22200000	285
Chr13	22200000	22400000	313
Chr13	22400000	22600000	322
Chr13	22600000	22800000	293
Chr13	22800000	23000000	251
Chr13	23000000	23200000	216
Chr13	23200000	23400000	293
Chr13	23400000	23600000	286
Chr13	23600000	23800000	245
Chr13	23800000	24000000	198
Chr13	24000000	24200000	222
Chr13	24200000	24400000	128
Chr13	24400000	24600000	150
Chr13	24600000	24800000	129
Chr13	24800000	25000000	142
Chr13	25000000	25200000	244
Chr13	25200000	25400000	132
Chr13	25400000	25600000	189
Chr13	25600000	25800000	170
Chr13	25800000	26000000	149
Chr13	26000000	26200000	123
Chr13	26200000	26400000	112
Chr13	26400000	26600000	263
Chr13	26600000	26800000	276
Chr13	26800000	27000000	219
Chr13	27000000	27200000	157
Chr13	27200000	27400000	158
Chr13	27400000	27600000	204
Chr13	27600000	27800000	122
Chr13	27800000	28000000	44
Chr13	28000000	28200000	101
Chr13	28200000	28400000	9
Chr13	28400000	28600000	15
Chr13	28600000	28800000	12
Chr13	28800000	29000000	8
Chr13	29000000	29200000	6
Chr13	29200000	29400000	1
Chr13	29400000	29600000	11
Chr13	29600000	29800000	4
Chr13	29800000	30000000	17
Chr13	30000000	30200000	21
Chr13	30200000	30400000	100
Chr13	30400000	30600000	63
Chr13	30600000	30800000	91
Chr13	30800000	31000000	61
Chr13	31000000	31200000	28
Chr13	31200000	31400000	1
Chr13	31400000	31600000	14
Chr13	31600000	31800000	13
Chr13	31800000	32000000	5
Chr13	32000000	32200000	11
Chr13	32200000	32400000	111
Chr13	32400000	32600000	89
Chr13	32600000	32800000	178
Chr13	32800000	33000000	180
Chr13	33000000	33200000	83
Chr13	33200000	33400000	178
Chr13	33400000	33600000	112
Chr13	33600000	33800000	148
Chr13	33800000	34000000	63
Chr13	34000000	34200000	47
Chr13	34200000	34400000	28
Chr13	34400000	34600000	83
Chr13	34600000	34800000	65
Chr13	34800000	35000000	51
Chr13	35000000	35200000	23
Chr13	35200000	35400000	43
Chr13	35400000	35600000	52
Chr13	35600000	35800000	8
Chr13	35800000	36000000	95
Chr13	36000000	36200000	118
Chr13	36200000	36400000	55
Chr13	36400000	36600000	45
Chr13	36600000	36800000	26
Chr13	36800000	37000000	247
Chr13	37000000	37200000	111
Chr13	37200000	37400000	72
Chr13	37400000	37600000	152
Chr13	37600000	37800000	164
Chr13	37800000	38000000	148
Chr13	38000000	38200000	118
Chr13	38200000	38400000	45
Chr13	38400000	38600000	121
Chr13	38600000	38800000	10
Chr13	38800000	39000000	29
Chr13	39000000	39200000	82
Chr13	39200000	39400000	125
Chr13	39400000	39600000	126
Chr13	39600000	39800000	76
Chr13	39800000	40000000	83
Chr13	40000000	40200000	145
Chr13	40200000	40400000	179
Chr13	40400000	40600000	158
Chr13	40600000	40800000	133
Chr13	40800000	41000000	160
Chr13	41000000	41200000	162
Chr13	41200000	41400000	249
Chr13	41400000	41600000	202
Chr13	41600000	41800000	227
Chr13	41800000	42000000	171
Chr13	42000000	42200000	190
Chr13	42200000	42400000	177
Chr13	42400000	42600000	52
Chr13	42600000	42800000	159
Chr13	42800000	43000000	133
Chr13	43000000	43197690	91
Chr14	0	200000	343
Chr14	200000	400000	451
Chr14	400000	600000	371
Chr14	600000	800000	400
Chr14	800000	1000000	184
Chr14	1000000	1200000	326
Chr14	1200000	1400000	185
Chr14	1400000	1600000	74
Chr14	1600000	1800000	391
Chr14	1800000	2000000	484
Chr14	2000000	2200000	331
Chr14	2200000	2400000	216
Chr14	2400000	2600000	411
Chr14	2600000	2800000	505
Chr14	2800000	3000000	302
Chr14	3000000	3200000	182
Chr14	3200000	3400000	303
Chr14	3400000	3600000	393
Chr14	3600000	3800000	439
Chr14	3800000	4000000	421
Chr14	4000000	4200000	428
Chr14	4200000	4400000	381
Chr14	4400000	4600000	359
Chr14	4600000	4800000	453
Chr14	4800000	5000000	333
Chr14	5000000	5200000	176
Chr14	5200000	5400000	238
Chr14	5400000	5600000	345
Chr14	5600000	5800000	256
Chr14	5800000	6000000	253
Chr14	6000000	6200000	316
Chr14	6200000	6400000	432
Chr14	6400000	6600000	352
Chr14	6600000	6800000	322
Chr14	6800000	7000000	300
Chr14	7000000	7200000	255
Chr14	7200000	7400000	337
Chr14	7400000	7600000	359
Chr14	7600000	7800000	308
Chr14	7800000	8000000	344
Chr14	8000000	8200000	147
Chr14	8200000	8400000	396
Chr14	8400000	8600000	278
Chr14	8600000	8800000	359
Chr14	8800000	9000000	321
Chr14	9000000	9200000	320
Chr14	9200000	9400000	125
Chr14	9400000	9600000	411
Chr14	9600000	9800000	303
Chr14	9800000	10000000	263
Chr14	10000000	10200000	261
Chr14	10200000	10400000	336
Chr14	10400000	10600000	307
Chr14	10600000	10800000	427
Chr14	10800000	11000000	211
Chr14	11000000	11200000	337
Chr14	11200000	11400000	258
Chr14	11400000	11600000	236
Chr14	11600000	11800000	239
Chr14	11800000	12000000	155
Chr14	12000000	12200000	129
Chr14	12200000	12400000	67
Chr14	12400000	12600000	75
Chr14	12600000	12800000	247
Chr14	12800000	13000000	184
Chr14	13000000	13200000	43
Chr14	13200000	13400000	4
Chr14	13400000	13600000	6
Chr14	13600000	13800000	5
Chr14	13800000	14000000	7
Chr14	14000000	14200000	2
Chr14	14200000	14400000	1
Chr14	14400000	14600000	4
Chr14	14600000	14800000	7
Chr14	14800000	15000000	3
Chr14	15000000	15200000	9
Chr14	15200000	15400000	12
Chr14	15400000	15600000	163
Chr14	15600000	15800000	169
Chr14	15800000	16000000	216
Chr14	16000000	16200000	246
Chr14	16200000	16400000	263
Chr14	16400000	16600000	303
Chr14	16600000	16800000	405
Chr14	16800000	17000000	337
Chr14	17000000	17200000	223
Chr14	17200000	17400000	284
Chr14	17400000	17600000	389
Chr14	17600000	17800000	311
Chr14	17800000	18000000	367
Chr14	18000000	18200000	317
Chr14	18200000	18400000	264
Chr14	18400000	18600000	286
Chr14	18600000	18800000	201
Chr14	18800000	19000000	203
Chr14	19000000	19200000	218
Chr14	19200000	19400000	365
Chr14	19400000	19600000	314
Chr14	19600000	19800000	317
Chr14	19800000	20000000	394
Chr14	20000000	20200000	198
Chr14	20200000	20400000	311
Chr14	20400000	20600000	411
Chr14	20600000	20800000	297
Chr14	20800000	21000000	400
Chr14	21000000	21200000	322
Chr14	21200000	21400000	420
Chr14	21400000	21600000	238
Chr14	21600000	21800000	224
Chr14	21800000	22000000	243
Chr14	22000000	22200000	250
Chr14	22200000	22400000	367
Chr14	22400000	22600000	288
Chr14	22600000	22800000	199
Chr14	22800000	23000000	165
Chr14	23000000	23200000	401
Chr14	23200000	23400000	336
Chr14	23400000	23600000	382
Chr14	23600000	23800000	419
Chr14	23800000	24000000	438
Chr14	24000000	24200000	342
Chr14	24200000	24400000	399
Chr14	24400000	24600000	379
Chr14	24600000	24800000	328
Chr14	24800000	25000000	100
Chr14	25000000	25200000	440
Chr14	25200000	25400000	390
Chr14	25400000	25600000	395
Chr14	25600000	25800000	357
Chr14	25800000	26000000	173
Chr14	26000000	26200000	364
Chr14	26200000	26400000	415
Chr14	26400000	26600000	350
Chr14	26600000	26800000	412
Chr14	26800000	27000000	300
Chr14	27000000	27200000	388
Chr14	27200000	27400000	529
Chr14	27400000	27600000	347
Chr14	27600000	27800000	492
Chr14	27800000	28000000	377
Chr14	28000000	28200000	522
Chr14	28200000	28400000	406
Chr14	28400000	28600000	429
Chr14	28600000	28800000	293
Chr14	28800000	29000000	272
Chr14	29000000	29200000	243
Chr14	29200000	29400000	538
Chr14	29400000	29600000	486
Chr14	29600000	29800000	501
Chr14	29800000	30000000	488
Chr14	30000000	30200000	398
Chr14	30200000	30400000	345
Chr14	30400000	30600000	484
Chr14	30600000	30800000	350
Chr14	30800000	31000000	455
Chr14	31000000	31200000	497
Chr14	31200000	31400000	412
Chr14	31400000	31600000	229
Chr14	31600000	31800000	372
Chr14	31800000	32000000	519
Chr14	32000000	32136955	224
Chr15	0	200000	314
Chr15	200000	400000	514
Chr15	400000	600000	504
Chr15	600000	800000	590
Chr15	800000	1000000	481
Chr15	1000000	1200000	468
Chr15	1200000	1400000	442
Chr15	1400000	1600000	451
Chr15	1600000	1800000	349
Chr15	1800000	2000000	583
Chr15	2000000	2200000	463
Chr15	2200000	2400000	477
Chr15	2400000	2600000	469
Chr15	2600000	2800000	551
Chr15	2800000	3000000	471
Chr15	3000000	3200000	432
Chr15	3200000	3400000	500
Chr15	3400000	3600000	436
Chr15	3600000	3800000	329
Chr15	3800000	4000000	351
Chr15	4000000	4200000	547
Chr15	4200000	4400000	585
Chr15	4400000	4600000	436
Chr15	4600000	4800000	476
Chr15	4800000	5000000	431
Chr15	5000000	5200000	422
Chr15	5200000	5400000	516
Chr15	5400000	5600000	467
Chr15	5600000	5800000	426
Chr15	5800000	6000000	325
Chr15	6000000	6200000	335
Chr15	6200000	6400000	450
Chr15	6400000	6600000	393
Chr15	6600000	6800000	461
Chr15	6800000	7000000	452
Chr15	7000000	7200000	507
Chr15	7200000	7400000	466
Chr15	7400000	7600000	313
Chr15	7600000	7800000	420
Chr15	7800000	8000000	509
Chr15	8000000	8200000	286
Chr15	8200000	8400000	515
Chr15	8400000	8600000	472
Chr15	8600000	8800000	528
Chr15	8800000	9000000	372
Chr15	9000000	9200000	436
Chr15	9200000	9400000	339
Chr15	9400000	9600000	447
Chr15	9600000	9800000	442
Chr15	9800000	10000000	364
Chr15	10000000	10200000	454
Chr15	10200000	10400000	526
Chr15	10400000	10600000	409
Chr15	10600000	10800000	337
Chr15	10800000	11000000	372
Chr15	11000000	11200000	406
Chr15	11200000	11400000	385
Chr15	11400000	11600000	341
Chr15	11600000	11800000	342
Chr15	11800000	12000000	392
Chr15	12000000	12200000	485
Chr15	12200000	12400000	504
Chr15	12400000	12600000	407
Chr15	12600000	12800000	486
Chr15	12800000	13000000	391
Chr15	13000000	13200000	450
Chr15	13200000	13400000	406
Chr15	13400000	13600000	394
Chr15	13600000	13800000	352
Chr15	13800000	14000000	413
Chr15	14000000	14200000	477
Chr15	14200000	14400000	345
Chr15	14400000	14600000	502
Chr15	14600000	14800000	400
Chr15	14800000	15000000	421
Chr15	15000000	15200000	310
Chr15	15200000	15400000	373
Chr15	15400000	15600000	361
Chr15	15600000	15800000	455
Chr15	15800000	16000000	350
Chr15	16000000	16200000	434
Chr15	16200000	16400000	394
Chr15	16400000	16600000	337
Chr15	16600000	16800000	312
Chr15	16800000	17000000	270
Chr15	17000000	17200000	348
Chr15	17200000	17400000	479
Chr15	17400000	17600000	460
Chr15	17600000	17800000	318
Chr15	17800000	18000000	368
Chr15	18000000	18200000	343
Chr15	18200000	18400000	325
Chr15	18400000	18600000	449
Chr15	18600000	18800000	382
Chr15	18800000	19000000	340
Chr15	19000000	19200000	238
Chr15	19200000	19400000	449
Chr15	19400000	19600000	299
Chr15	19600000	19800000	347
Chr15	19800000	20000000	356
Chr15	20000000	20200000	237
Chr15	20200000	20400000	285
Chr15	20400000	20600000	373
Chr15	20600000	20800000	394
Chr15	20800000	21000000	316
Chr15	21000000	21200000	334
Chr15	21200000	21400000	318
Chr15	21400000	21600000	393
Chr15	21600000	21800000	277
Chr15	21800000	22000000	245
Chr15	22000000	22200000	424
Chr15	22200000	22400000	342
Chr15	22400000	22600000	361
Chr15	22600000	22800000	349
Chr15	22800000	23000000	448
Chr15	23000000	23200000	272
Chr15	23200000	23400000	290
Chr15	23400000	23600000	335
Chr15	23600000	23800000	334
Chr15	23800000	24000000	300
Chr15	24000000	24200000	346
Chr15	24200000	24400000	263
Chr15	24400000	24600000	250
Chr15	24600000	24800000	179
Chr15	24800000	25000000	380
Chr15	25000000	25200000	380
Chr15	25200000	25400000	376
Chr15	25400000	25600000	318
Chr15	25600000	25800000	329
Chr15	25800000	26000000	259
Chr15	26000000	26200000	361
Chr15	26200000	26400000	304
Chr15	26400000	26600000	304
Chr15	26600000	26800000	347
Chr15	26800000	27000000	217
Chr15	27000000	27200000	259
Chr15	27200000	27400000	342
Chr15	27400000	27600000	205
Chr15	27600000	27800000	345
Chr15	27800000	28000000	291
Chr15	28000000	28200000	269
Chr15	28200000	28400000	127
Chr15	28400000	28600000	141
Chr15	28600000	28800000	324
Chr15	28800000	29000000	304
Chr15	29000000	29200000	146
Chr15	29200000	29400000	243
Chr15	29400000	29600000	250
Chr15	29600000	29800000	221
Chr15	29800000	30000000	218
Chr15	30000000	30200000	318
Chr15	30200000	30400000	293
Chr15	30400000	30600000	273
Chr15	30600000	30800000	373
Chr15	30800000	31000000	339
Chr15	31000000	31200000	353
Chr15	31200000	31400000	290
Chr15	31400000	31600000	199
Chr15	31600000	31800000	285
Chr15	31800000	32000000	235
Chr15	32000000	32200000	259
Chr15	32200000	32400000	182
Chr15	32400000	32600000	96
Chr15	32600000	32800000	16
Chr15	32800000	33000000	1
Chr15	33000000	33200000	7
Chr15	33200000	33400000	9
Chr15	33400000	33600000	6
Chr15	33600000	33800000	1
Chr15	33800000	34000000	10
Chr15	34000000	34200000	39
Chr15	34200000	34400000	129
Chr15	34400000	34600000	220
Chr15	34600000	34800000	224
Chr15	34800000	35000000	298
Chr15	35000000	35200000	285
Chr15	35200000	35400000	184
Chr15	35400000	35600000	159
Chr15	35600000	35800000	189
Chr15	35800000	36000000	193
Chr15	36000000	36200000	296
Chr15	36200000	36400000	282
Chr15	36400000	36600000	309
Chr15	36600000	36800000	291
Chr15	36800000	37000000	237
Chr15	37000000	37200000	385
Chr15	37200000	37400000	409
Chr15	37400000	37600000	322
Chr15	37600000	37800000	370
Chr15	37800000	38000000	269
Chr15	38000000	38200000	289
Chr15	38200000	38400000	204
Chr15	38400000	38600000	368
Chr15	38600000	38800000	351
Chr15	38800000	39000000	433
Chr15	39000000	39200000	285
Chr15	39200000	39400000	337
Chr15	39400000	39600000	331
Chr15	39600000	39800000	180
Chr15	39800000	40000000	333
Chr15	40000000	40200000	276
Chr15	40200000	40400000	155
Chr15	40400000	40600000	124
Chr15	40600000	40800000	254
Chr15	40800000	41000000	263
Chr15	41000000	41200000	372
Chr15	41200000	41400000	412
Chr15	41400000	41600000	389
Chr15	41600000	41800000	202
Chr15	41800000	42000000	387
Chr15	42000000	42200000	407
Chr15	42200000	42400000	391
Chr15	42400000	42600000	363
Chr15	42600000	42800000	325
Chr15	42800000	43000000	317
Chr15	43000000	43200000	271
Chr15	43200000	43400000	312
Chr15	43400000	43600000	443
Chr15	43600000	43800000	483
Chr15	43800000	44000000	379
Chr15	44000000	44200000	226
Chr15	44200000	44400000	217
Chr15	44400000	44600000	434
Chr15	44600000	44800000	318
Chr15	44800000	45000000	283
Chr15	45000000	45200000	369
Chr15	45200000	45400000	318
Chr15	45400000	45600000	372
Chr15	45600000	45800000	449
Chr15	45800000	46000000	112
Chr15	46000000	46200000	114
Chr15	46200000	46400000	457
Chr15	46400000	46600000	414
Chr15	46600000	46800000	44
Chr15	46800000	47000000	91
Chr15	47000000	47200000	189
Chr15	47200000	47400000	280
Chr15	47400000	47600000	128
Chr15	47600000	47800000	251
Chr15	47800000	48000000	297
Chr15	48000000	48200000	394
Chr15	48200000	48400000	387
Chr15	48400000	48600000	248
Chr15	48600000	48800000	326
Chr15	48800000	49000000	307
Chr15	49000000	49200000	346
Chr15	49200000	49400000	157
Chr15	49400000	49422898	0
Chr16	0	200000	380
Chr16	200000	400000	360
Chr16	400000	600000	519
Chr16	600000	800000	463
Chr16	800000	1000000	506
Chr16	1000000	1200000	426
Chr16	1200000	1400000	550
Chr16	1400000	1600000	399
Chr16	1600000	1800000	260
Chr16	1800000	2000000	554
Chr16	2000000	2200000	487
Chr16	2200000	2400000	523
Chr16	2400000	2600000	523
Chr16	2600000	2800000	656
Chr16	2800000	3000000	370
Chr16	3000000	3200000	532
Chr16	3200000	3400000	336
Chr16	3400000	3600000	415
Chr16	3600000	3800000	438
Chr16	3800000	4000000	426
Chr16	4000000	4200000	475
Chr16	4200000	4400000	564
Chr16	4400000	4600000	340
Chr16	4600000	4800000	484
Chr16	4800000	5000000	483
Chr16	5000000	5200000	397
Chr16	5200000	5400000	460
Chr16	5400000	5600000	474
Chr16	5600000	5800000	445
Chr16	5800000	6000000	497
Chr16	6000000	6200000	415
Chr16	6200000	6400000	400
Chr16	6400000	6600000	428
Chr16	6600000	6800000	414
Chr16	6800000	7000000	401
Chr16	7000000	7200000	282
Chr16	7200000	7400000	409
Chr16	7400000	7600000	325
Chr16	7600000	7800000	418
Chr16	7800000	8000000	239
Chr16	8000000	8200000	472
Chr16	8200000	8400000	522
Chr16	8400000	8600000	523
Chr16	8600000	8800000	461
Chr16	8800000	9000000	417
Chr16	9000000	9200000	461
Chr16	9200000	9400000	360
Chr16	9400000	9600000	491
Chr16	9600000	9800000	408
Chr16	9800000	10000000	426
Chr16	10000000	10200000	181
Chr16	10200000	10400000	388
Chr16	10400000	10600000	215
Chr16	10600000	10800000	271
Chr16	10800000	11000000	349
Chr16	11000000	11200000	391
Chr16	11200000	11400000	314
Chr16	11400000	11600000	380
Chr16	11600000	11800000	332
Chr16	11800000	12000000	382
Chr16	12000000	12200000	263
Chr16	12200000	12400000	295
Chr16	12400000	12600000	428
Chr16	12600000	12800000	399
Chr16	12800000	13000000	373
Chr16	13000000	13200000	337
Chr16	13200000	13400000	313
Chr16	13400000	13600000	334
Chr16	13600000	13800000	204
Chr16	13800000	14000000	263
Chr16	14000000	14200000	347
Chr16	14200000	14400000	356
Chr16	14400000	14600000	369
Chr16	14600000	14800000	281
Chr16	14800000	15000000	383
Chr16	15000000	15200000	329
Chr16	15200000	15400000	314
Chr16	15400000	15600000	252
Chr16	15600000	15800000	302
Chr16	15800000	16000000	321
Chr16	16000000	16200000	235
Chr16	16200000	16400000	290
Chr16	16400000	16600000	331
Chr16	16600000	16800000	268
Chr16	16800000	17000000	299
Chr16	17000000	17200000	256
Chr16	17200000	17400000	374
Chr16	17400000	17600000	268
Chr16	17600000	17800000	264
Chr16	17800000	18000000	238
Chr16	18000000	18200000	187
Chr16	18200000	18400000	212
Chr16	18400000	18600000	251
Chr16	18600000	18800000	191
Chr16	18800000	19000000	216
Chr16	19000000	19200000	287
Chr16	19200000	19400000	235
Chr16	19400000	19600000	297
Chr16	19600000	19800000	240
Chr16	19800000	20000000	295
Chr16	20000000	20200000	297
Chr16	20200000	20400000	205
Chr16	20400000	20600000	237
Chr16	20600000	20800000	343
Chr16	20800000	21000000	228
Chr16	21000000	21200000	294
Chr16	21200000	21400000	99
Chr16	21400000	21600000	260
Chr16	21600000	21800000	224
Chr16	21800000	22000000	168
Chr16	22000000	22200000	336
Chr16	22200000	22400000	330
Chr16	22400000	22600000	214
Chr16	22600000	22800000	334
Chr16	22800000	23000000	385
Chr16	23000000	23200000	231
Chr16	23200000	23400000	249
Chr16	23400000	23600000	285
Chr16	23600000	23800000	267
Chr16	23800000	24000000	304
Chr16	24000000	24200000	150
Chr16	24200000	24400000	195
Chr16	24400000	24600000	186
Chr16	24600000	24800000	171
Chr16	24800000	25000000	215
Chr16	25000000	25200000	227
Chr16	25200000	25400000	170
Chr16	25400000	25600000	124
Chr16	25600000	25800000	107
Chr16	25800000	26000000	146
Chr16	26000000	26200000	73
Chr16	26200000	26400000	11
Chr16	26400000	26600000	6
Chr16	26600000	26800000	6
Chr16	26800000	27000000	35
Chr16	27000000	27200000	18
Chr16	27200000	27400000	3
Chr16	27400000	27600000	5
Chr16	27600000	27800000	120
Chr16	27800000	28000000	42
Chr16	28000000	28200000	37
Chr16	28200000	28400000	31
Chr16	28400000	28600000	18
Chr16	28600000	28800000	129
Chr16	28800000	29000000	158
Chr16	29000000	29200000	124
Chr16	29200000	29400000	88
Chr16	29400000	29600000	150
Chr16	29600000	29800000	176
Chr16	29800000	30000000	122
Chr16	30000000	30200000	226
Chr16	30200000	30400000	186
Chr16	30400000	30600000	256
Chr16	30600000	30800000	311
Chr16	30800000	31000000	276
Chr16	31000000	31200000	245
Chr16	31200000	31400000	246
Chr16	31400000	31600000	321
Chr16	31600000	31800000	299
Chr16	31800000	32000000	233
Chr16	32000000	32200000	205
Chr16	32200000	32400000	192
Chr16	32400000	32600000	227
Chr16	32600000	32800000	241
Chr16	32800000	33000000	263
Chr16	33000000	33200000	264
Chr16	33200000	33400000	291
Chr16	33400000	33600000	263
Chr16	33600000	33800000	216
Chr16	33800000	34000000	292
Chr16	34000000	34200000	260
Chr16	34200000	34400000	300
Chr16	34400000	34600000	260
Chr16	34600000	34800000	247
Chr16	34800000	35000000	191
Chr16	35000000	35200000	297
Chr16	35200000	35400000	242
Chr16	35400000	35600000	287
Chr16	35600000	35800000	205
Chr16	35800000	36000000	84
Chr16	36000000	36200000	167
Chr16	36200000	36400000	134
Chr16	36400000	36480970	36
Chr17	0	200000	413
Chr17	200000	400000	477
Chr17	400000	600000	588
Chr17	600000	800000	402
Chr17	800000	1000000	466
Chr17	1000000	1200000	537
Chr17	1200000	1400000	469
Chr17	1400000	1600000	309
Chr17	1600000	1800000	345
Chr17	1800000	2000000	547
Chr17	2000000	2200000	540
Chr17	2200000	2400000	379
Chr17	2400000	2600000	408
Chr17	2600000	2800000	434
Chr17	2800000	3000000	228
Chr17	3000000	3200000	311
Chr17	3200000	3400000	478
Chr17	3400000	3600000	447
Chr17	3600000	3800000	376
Chr17	3800000	4000000	493
Chr17	4000000	4200000	141
Chr17	4200000	4400000	337
Chr17	4400000	4600000	318
Chr17	4600000	4800000	326
Chr17	4800000	5000000	348
Chr17	5000000	5200000	507
Chr17	5200000	5400000	353
Chr17	5400000	5600000	142
Chr17	5600000	5800000	214
Chr17	5800000	6000000	372
Chr17	6000000	6200000	187
Chr17	6200000	6400000	249
Chr17	6400000	6600000	352
Chr17	6600000	6800000	356
Chr17	6800000	7000000	396
Chr17	7000000	7200000	420
Chr17	7200000	7400000	301
Chr17	7400000	7600000	309
Chr17	7600000	7800000	361
Chr17	7800000	8000000	465
Chr17	8000000	8200000	388
Chr17	8200000	8400000	193
Chr17	8400000	8600000	108
Chr17	8600000	8800000	380
Chr17	8800000	9000000	317
Chr17	9000000	9200000	424
Chr17	9200000	9400000	457
Chr17	9400000	9600000	414
Chr17	9600000	9800000	369
Chr17	9800000	10000000	424
Chr17	10000000	10200000	366
Chr17	10200000	10400000	219
Chr17	10400000	10600000	312
Chr17	10600000	10800000	267
Chr17	10800000	11000000	330
Chr17	11000000	11200000	384
Chr17	11200000	11400000	303
Chr17	11400000	11600000	298
Chr17	11600000	11800000	356
Chr17	11800000	12000000	390
Chr17	12000000	12200000	366
Chr17	12200000	12400000	335
Chr17	12400000	12600000	462
Chr17	12600000	12800000	259
Chr17	12800000	13000000	315
Chr17	13000000	13200000	404
Chr17	13200000	13400000	352
Chr17	13400000	13600000	316
Chr17	13600000	13800000	185
Chr17	13800000	14000000	287
Chr17	14000000	14200000	286
Chr17	14200000	14400000	325
Chr17	14400000	14600000	311
Chr17	14600000	14800000	277
Chr17	14800000	15000000	204
Chr17	15000000	15200000	336
Chr17	15200000	15400000	293
Chr17	15400000	15600000	317
Chr17	15600000	15800000	322
Chr17	15800000	16000000	210
Chr17	16000000	16200000	296
Chr17	16200000	16400000	190
Chr17	16400000	16600000	256
Chr17	16600000	16800000	300
Chr17	16800000	17000000	184
Chr17	17000000	17200000	290
Chr17	17200000	17400000	245
Chr17	17400000	17600000	86
Chr17	17600000	17800000	163
Chr17	17800000	18000000	106
Chr17	18000000	18200000	9
Chr17	18200000	18400000	6
Chr17	18400000	18600000	16
Chr17	18600000	18800000	5
Chr17	18800000	19000000	12
Chr17	19000000	19200000	3
Chr17	19200000	19400000	12
Chr17	19400000	19600000	12
Chr17	19600000	19800000	28
Chr17	19800000	20000000	198
Chr17	20000000	20200000	202
Chr17	20200000	20400000	251
Chr17	20400000	20600000	270
Chr17	20600000	20800000	274
Chr17	20800000	21000000	274
Chr17	21000000	21200000	333
Chr17	21200000	21400000	100
Chr17	21400000	21600000	117
Chr17	21600000	21800000	241
Chr17	21800000	22000000	253
Chr17	22000000	22200000	308
Chr17	22200000	22400000	234
Chr17	22400000	22600000	250
Chr17	22600000	22800000	339
Chr17	22800000	23000000	282
Chr17	23000000	23200000	305
Chr17	23200000	23400000	357
Chr17	23400000	23600000	78
Chr17	23600000	23800000	37
Chr17	23800000	24000000	385
Chr17	24000000	24200000	258
Chr17	24200000	24400000	353
Chr17	24400000	24600000	138
Chr17	24600000	24800000	304
Chr17	24800000	25000000	358
Chr17	25000000	25200000	419
Chr17	25200000	25400000	388
Chr17	25400000	25600000	375
Chr17	25600000	25800000	475
Chr17	25800000	26000000	447
Chr17	26000000	26200000	263
Chr17	26200000	26400000	400
Chr17	26400000	26600000	402
Chr17	26600000	26800000	463
Chr17	26800000	27000000	365
Chr17	27000000	27200000	383
Chr17	27200000	27400000	431
Chr17	27400000	27600000	302
Chr17	27600000	27800000	397
Chr17	27800000	28000000	428
Chr17	28000000	28200000	285
Chr17	28200000	28400000	242
Chr17	28400000	28600000	505
Chr17	28600000	28800000	337
Chr17	28800000	29000000	287
Chr17	29000000	29200000	484
Chr17	29200000	29400000	239
Chr17	29400000	29600000	356
Chr17	29600000	29800000	256
Chr17	29800000	30000000	86
Chr17	30000000	30200000	286
Chr17	30200000	30400000	156
Chr17	30400000	30600000	54
Chr17	30600000	30800000	7
Chr17	30800000	31000000	19
Chr17	31000000	31200000	27
Chr17	31200000	31400000	58
Chr17	31400000	31600000	382
Chr17	31600000	31800000	360
Chr17	31800000	32000000	382
Chr17	32000000	32200000	331
Chr17	32200000	32400000	186
Chr17	32400000	32600000	557
Chr17	32600000	32800000	130
Chr17	32800000	33000000	20
Chr17	33000000	33200000	308
Chr17	33200000	33400000	412
Chr17	33400000	33600000	207
Chr17	33600000	33800000	417
Chr17	33800000	34000000	393
Chr17	34000000	34200000	274
Chr17	34200000	34400000	270
Chr17	34400000	34479775	100
