Chr1	1	3000000	22.07
Chr1	300001	3300000	22.16
Chr1	600001	3600000	21.36
Chr1	900001	3900000	20.97
Chr1	1200001	4200000	19.99
Chr1	1500001	4500000	17.29
Chr1	1800001	4800000	18.89
Chr1	2100001	5100000	17.33
Chr1	2400001	5400000	16.83
Chr1	2700001	5700000	16.86
Chr1	3000001	6000000	14.08
Chr1	3300001	6300000	13.26
Chr1	3600001	6600000	14.37
Chr1	3900001	6900000	14.60
Chr1	4200001	7200000	15.36
Chr1	4500001	7500000	18.08
Chr1	4800001	7800000	17.76
Chr1	5100001	8100000	16.54
Chr1	5400001	8400000	14.61
Chr1	5700001	8700000	14.26
Chr1	6000001	9000000	14.91
Chr1	6300001	9300000	15.35
Chr1	6600001	9600000	13.87
Chr1	6900001	9900000	12.27
Chr1	7200001	10200000	12.35
Chr1	7500001	10500000	10.77
Chr1	7800001	10800000	10.35
Chr1	8100001	11100000	11.51
Chr1	8400001	11400000	13.00
Chr1	8700001	11700000	13.75
Chr1	9000001	12000000	12.76
Chr1	9300001	12300000	12.54
Chr1	9600001	12600000	13.27
Chr1	9900001	12900000	13.43
Chr1	10200001	13200000	12.30
Chr1	10500001	13500000	11.83
Chr1	10800001	13800000	11.83
Chr1	11100001	14100000	11.09
Chr1	11400001	14400000	13.00
Chr1	11700001	14700000	11.52
Chr1	12000001	15000000	10.48
Chr1	12300001	15300000	11.45
Chr1	12600001	15600000	10.51
Chr1	12900001	15900000	11.80
Chr1	13200001	16200000	12.20
Chr1	13500001	16500000	12.60
Chr1	13800001	16800000	14.43
Chr1	14100001	17100000	14.26
Chr1	14400001	17400000	11.22
Chr1	14700001	17700000	11.15
Chr1	15000001	18000000	12.04
Chr1	15300001	18300000	11.32
Chr1	15600001	18600000	13.65
Chr1	15900001	18900000	15.70
Chr1	16200001	19200000	18.07
Chr1	16500001	19500000	20.33
Chr1	16800001	19800000	19.65
Chr1	17100001	20100000	21.35
Chr1	17400001	20400000	21.22
Chr1	17700001	20700000	20.79
Chr1	18000001	21000000	21.56
Chr1	18300001	21300000	24.06
Chr1	18600001	21600000	22.53
Chr1	18900001	21900000	20.99
Chr1	19200001	22200000	18.04
Chr1	19500001	22500000	15.00
Chr1	19800001	22800000	14.78
Chr1	20100001	23100000	15.80
Chr1	20400001	23400000	15.34
Chr1	20700001	23700000	16.79
Chr1	21000001	24000000	16.42
Chr1	21300001	24300000	15.15
Chr1	21600001	24600000	15.64
Chr1	21900001	24900000	14.75
Chr1	22200001	25200000	16.15
Chr1	22500001	25500000	16.74
Chr1	22800001	25800000	16.37
Chr1	23100001	26100000	13.66
Chr1	23400001	26400000	15.92
Chr1	23700001	26700000	15.24
Chr1	24000001	27000000	14.54
Chr1	24300001	27300000	13.67
Chr1	24600001	27519054	13.30
Chr2	1	3000000	10.65
Chr2	300001	3300000	10.48
Chr2	600001	3600000	8.51
Chr2	900001	3900000	11.60
Chr2	1200001	4200000	10.92
Chr2	1500001	4500000	10.64
Chr2	1800001	4800000	8.14
Chr2	2100001	5100000	9.53
Chr2	2400001	5400000	10.26
Chr2	2700001	5700000	10.62
Chr2	3000001	6000000	9.15
Chr2	3300001	6300000	7.96
Chr2	3600001	6600000	15.87
Chr2	3900001	6900000	15.57
Chr2	4200001	7200000	18.36
Chr2	4500001	7500000	20.47
Chr2	4800001	7800000	22.24
Chr2	5100001	8100000	21.66
Chr2	5400001	8400000	22.91
Chr2	5700001	8700000	21.89
Chr2	6000001	9000000	22.95
Chr2	6300001	9300000	23.17
Chr2	6600001	9600000	18.45
Chr2	6900001	9900000	18.59
Chr2	7200001	10200000	17.54
Chr2	7500001	10500000	17.20
Chr2	7800001	10800000	16.04
Chr2	8100001	11100000	17.04
Chr2	8400001	11400000	15.62
Chr2	8700001	11700000	15.98
Chr2	9000001	12000000	14.83
Chr2	9300001	12300000	14.11
Chr2	9600001	12600000	15.44
Chr2	9900001	12900000	14.82
Chr2	10200001	13200000	16.32
Chr2	10500001	13500000	14.21
Chr2	10800001	13800000	13.78
Chr2	11100001	14100000	13.31
Chr2	11400001	14400000	13.18
Chr2	11700001	14700000	13.62
Chr2	12000001	15000000	14.05
Chr2	12300001	15300000	14.61
Chr2	12600001	15600000	13.68
Chr2	12900001	15900000	12.36
Chr2	13200001	16200000	12.29
Chr2	13500001	16500000	13.34
Chr2	13800001	16800000	15.19
Chr2	14100001	17100000	15.18
Chr2	14400001	17400000	16.92
Chr2	14700001	17700000	17.44
Chr2	15000001	18000000	18.17
Chr2	15300001	18300000	18.53
Chr2	15600001	18600000	17.30
Chr2	15900001	18900000	19.67
Chr2	16200001	19200000	19.12
Chr2	16500001	19500000	18.84
Chr2	16800001	19800000	18.95
Chr2	17100001	20100000	19.76
Chr2	17400001	20400000	22.90
Chr2	17700001	20700000	23.42
Chr2	18000001	21000000	26.40
Chr2	18300001	21300000	28.30
Chr2	18600001	21600000	29.87
Chr2	18900001	21900000	30.67
Chr2	19200001	22200000	30.46
Chr2	19500001	22500000	31.91
Chr2	19800001	22800000	30.73
Chr2	20100001	23100000	29.19
Chr2	20400001	23400000	27.66
Chr2	20700001	23700000	26.53
Chr2	21000001	24000000	24.62
Chr2	21300001	24300000	23.62
Chr2	21600001	24600000	23.35
Chr2	21900001	24900000	22.49
Chr2	22200001	25200000	22.48
Chr2	22500001	25500000	21.17
Chr2	22800001	25800000	21.19
Chr2	23100001	26100000	22.53
Chr2	23400001	26400000	20.53
Chr2	23700001	26700000	21.33
Chr2	24000001	27000000	21.33
Chr2	24300001	27300000	19.87
Chr2	24600001	27600000	17.83
Chr2	24900001	27900000	16.16
Chr2	25200001	28200000	14.71
Chr2	25500001	28500000	15.04
Chr2	25800001	28800000	14.58
Chr2	26100001	29100000	12.95
Chr2	26400001	29400000	13.82
Chr2	26700001	29700000	13.43
Chr2	27000001	30000000	11.73
Chr2	27300001	30300000	11.10
Chr2	27600001	30600000	13.03
Chr2	27900001	30900000	12.46
Chr2	28200001	31200000	14.05
Chr2	28500001	31500000	14.32
Chr2	28800001	31800000	16.63
Chr2	29100001	32100000	17.08
Chr2	29400001	32400000	16.12
Chr2	29700001	32700000	16.92
Chr2	30000001	33000000	16.16
Chr2	30300001	33300000	17.68
Chr2	30600001	33600000	16.46
Chr2	30900001	33900000	16.05
Chr2	31200001	34200000	17.79
Chr2	31500001	34500000	15.17
Chr2	31800001	34800000	14.97
Chr2	32100001	35100000	14.48
Chr2	32400001	35400000	13.81
Chr2	32700001	35700000	12.81
Chr2	33000001	36000000	15.97
Chr2	33300001	36300000	15.67
Chr2	33600001	36600000	15.59
Chr2	33900001	36900000	16.39
Chr2	34200001	37200000	13.12
Chr2	34500001	37500000	13.68
Chr2	34800001	37800000	11.72
Chr2	35100001	37982726	11.20
Chr3	1	3000000	9.97
Chr3	300001	3300000	9.95
Chr3	600001	3600000	11.46
Chr3	900001	3900000	12.62
Chr3	1200001	4200000	14.67
Chr3	1500001	4500000	14.34
Chr3	1800001	4800000	15.48
Chr3	2100001	5100000	16.90
Chr3	2400001	5400000	15.06
Chr3	2700001	5700000	15.97
Chr3	3000001	6000000	18.45
Chr3	3300001	6300000	17.98
Chr3	3600001	6600000	16.27
Chr3	3900001	6900000	16.99
Chr3	4200001	7200000	16.25
Chr3	4500001	7500000	16.00
Chr3	4800001	7800000	14.39
Chr3	5100001	8100000	14.39
Chr3	5400001	8400000	14.79
Chr3	5700001	8700000	14.40
Chr3	6000001	9000000	12.09
Chr3	6300001	9300000	13.46
Chr3	6600001	9600000	14.44
Chr3	6900001	9900000	11.76
Chr3	7200001	10200000	10.19
Chr3	7500001	10500000	11.13
Chr3	7800001	10800000	10.07
Chr3	8100001	11100000	9.31
Chr3	8400001	11400000	9.56
Chr3	8700001	11700000	9.59
Chr3	9000001	12000000	9.60
Chr3	9300001	12300000	11.14
Chr3	9600001	12600000	10.72
Chr3	9900001	12900000	12.15
Chr3	10200001	13200000	12.52
Chr3	10500001	13500000	11.44
Chr3	10800001	13800000	12.32
Chr3	11100001	14100000	12.91
Chr3	11400001	14400000	13.57
Chr3	11700001	14700000	11.88
Chr3	12000001	15000000	12.71
Chr3	12300001	15300000	11.30
Chr3	12600001	15600000	11.14
Chr3	12900001	15900000	12.04
Chr3	13200001	16200000	13.26
Chr3	13500001	16500000	15.05
Chr3	13800001	16800000	16.91
Chr3	14100001	17100000	16.43
Chr3	14400001	17400000	17.37
Chr3	14700001	17700000	18.71
Chr3	15000001	18000000	19.36
Chr3	15300001	18300000	22.00
Chr3	15600001	18600000	23.06
Chr3	15900001	18900000	23.81
Chr3	16200001	19200000	24.84
Chr3	16500001	19500000	23.87
Chr3	16800001	19800000	23.70
Chr3	17100001	20100000	25.70
Chr3	17400001	20400000	27.60
Chr3	17700001	20700000	28.39
Chr3	18000001	21000000	30.12
Chr3	18300001	21300000	28.59
Chr3	18600001	21600000	28.40
Chr3	18900001	21900000	28.30
Chr3	19200001	22200000	27.63
Chr3	19500001	22500000	27.34
Chr3	19800001	22800000	26.07
Chr3	20100001	23100000	24.72
Chr3	20400001	23400000	22.42
Chr3	20700001	23700000	22.12
Chr3	21000001	24000000	19.83
Chr3	21300001	24300000	19.25
Chr3	21600001	24600000	19.35
Chr3	21900001	24900000	18.90
Chr3	22200001	25200000	16.97
Chr3	22500001	25500000	18.79
Chr3	22800001	25800000	19.53
Chr3	23100001	26100000	20.41
Chr3	23400001	26400000	20.65
Chr3	23700001	26700000	19.19
Chr3	24000001	27000000	17.96
Chr3	24300001	27300000	18.00
Chr3	24600001	27600000	16.66
Chr3	24900001	27900000	14.75
Chr3	25200001	28200000	15.88
Chr3	25500001	28500000	14.67
Chr3	25800001	28800000	16.39
Chr3	26100001	29100000	16.87
Chr3	26400001	29400000	17.26
Chr3	26700001	29700000	18.09
Chr3	27000001	30000000	18.87
Chr3	27300001	30300000	21.06
Chr3	27600001	30600000	21.40
Chr3	27900001	30900000	21.89
Chr3	28200001	31200000	20.92
Chr3	28500001	31500000	20.54
Chr3	28800001	31800000	19.22
Chr3	29100001	32100000	18.13
Chr3	29400001	32400000	16.48
Chr3	29700001	32700000	15.79
Chr3	30000001	33000000	16.58
Chr3	30300001	33300000	15.87
Chr3	30600001	33600000	15.95
Chr3	30900001	33900000	17.00
Chr3	31200001	34200000	18.22
Chr3	31500001	34500000	21.30
Chr3	31800001	34800000	20.43
Chr3	32100001	35100000	22.64
Chr3	32400001	35400000	24.76
Chr3	32700001	35700000	25.66
Chr3	33000001	36000000	25.04
Chr3	33300001	36300000	21.58
Chr3	33600001	36600000	22.09
Chr3	33900001	36900000	21.21
Chr3	34200001	37200000	21.09
Chr3	34500001	37451735	16.28
Chr4	1	3000000	13.25
Chr4	300001	3300000	13.08
Chr4	600001	3600000	13.83
Chr4	900001	3900000	13.64
Chr4	1200001	4200000	13.61
Chr4	1500001	4500000	13.51
Chr4	1800001	4800000	14.87
Chr4	2100001	5100000	14.10
Chr4	2400001	5400000	12.35
Chr4	2700001	5700000	11.48
Chr4	3000001	6000000	10.58
Chr4	3300001	6300000	11.12
Chr4	3600001	6600000	11.26
Chr4	3900001	6900000	10.89
Chr4	4200001	7200000	11.21
Chr4	4500001	7500000	10.23
Chr4	4800001	7800000	8.62
Chr4	5100001	8100000	10.27
Chr4	5400001	8400000	11.74
Chr4	5700001	8700000	11.53
Chr4	6000001	9000000	12.50
Chr4	6300001	9300000	14.52
Chr4	6600001	9600000	13.55
Chr4	6900001	9900000	14.48
Chr4	7200001	10200000	13.22
Chr4	7500001	10500000	14.74
Chr4	7800001	10800000	15.50
Chr4	8100001	11100000	15.65
Chr4	8400001	11400000	14.57
Chr4	8700001	11700000	15.35
Chr4	9000001	12000000	15.77
Chr4	9300001	12300000	15.11
Chr4	9600001	12600000	18.11
Chr4	9900001	12900000	19.10
Chr4	10200001	13200000	19.52
Chr4	10500001	13500000	20.02
Chr4	10800001	13800000	19.91
Chr4	11100001	14100000	20.07
Chr4	11400001	14400000	21.45
Chr4	11700001	14700000	23.39
Chr4	12000001	15000000	24.15
Chr4	12300001	15300000	25.47
Chr4	12600001	15600000	22.49
Chr4	12900001	15900000	22.06
Chr4	13200001	16200000	21.88
Chr4	13500001	16500000	20.14
Chr4	13800001	16800000	20.17
Chr4	14100001	17100000	18.83
Chr4	14400001	17400000	17.09
Chr4	14700001	17700000	15.56
Chr4	15000001	18000000	13.00
Chr4	15300001	18300000	12.08
Chr4	15600001	18600000	10.71
Chr4	15900001	18900000	10.03
Chr4	16200001	19200000	10.12
Chr4	16500001	19500000	10.43
Chr4	16800001	19800000	10.13
Chr4	17100001	20100000	10.30
Chr4	17400001	20400000	10.60
Chr4	17700001	20700000	9.40
Chr4	18000001	21000000	12.29
Chr4	18300001	21300000	12.60
Chr4	18600001	21600000	13.83
Chr4	18900001	21900000	12.74
Chr4	19200001	22200000	12.97
Chr4	19500001	22500000	13.45
Chr4	19800001	22800000	14.10
Chr4	20100001	23100000	14.89
Chr4	20400001	23400000	16.61
Chr4	20700001	23700000	17.51
Chr4	21000001	24000000	16.39
Chr4	21300001	24300000	15.85
Chr4	21600001	24600000	16.96
Chr4	21900001	24900000	18.42
Chr4	22200001	25200000	19.38
Chr4	22500001	25500000	20.06
Chr4	22800001	25800000	21.36
Chr4	23100001	26100000	23.26
Chr4	23400001	26400000	25.11
Chr4	23700001	26700000	24.34
Chr4	24000001	27000000	24.78
Chr4	24300001	27300000	24.53
Chr4	24600001	27600000	24.43
Chr4	24900001	27900000	24.91
Chr4	25200001	28200000	25.16
Chr4	25500001	28204096	22.55
Chr5	1	3000000	18.33
Chr5	300001	3300000	15.62
Chr5	600001	3600000	15.88
Chr5	900001	3900000	15.21
Chr5	1200001	4200000	14.35
Chr5	1500001	4500000	12.47
Chr5	1800001	4800000	14.97
Chr5	2100001	5100000	16.27
Chr5	2400001	5400000	15.52
Chr5	2700001	5700000	15.57
Chr5	3000001	6000000	16.11
Chr5	3300001	6300000	15.58
Chr5	3600001	6600000	13.64
Chr5	3900001	6900000	15.35
Chr5	4200001	7200000	15.20
Chr5	4500001	7500000	15.17
Chr5	4800001	7800000	13.52
Chr5	5100001	8100000	11.03
Chr5	5400001	8400000	11.83
Chr5	5700001	8700000	11.70
Chr5	6000001	9000000	10.43
Chr5	6300001	9300000	10.43
Chr5	6600001	9600000	12.13
Chr5	6900001	9900000	10.59
Chr5	7200001	10200000	11.92
Chr5	7500001	10500000	15.10
Chr5	7800001	10800000	15.22
Chr5	8100001	11100000	15.92
Chr5	8400001	11400000	15.65
Chr5	8700001	11700000	16.83
Chr5	9000001	12000000	19.74
Chr5	9300001	12300000	20.25
Chr5	9600001	12600000	20.36
Chr5	9900001	12900000	22.07
Chr5	10200001	13200000	22.45
Chr5	10500001	13500000	20.20
Chr5	10800001	13800000	21.23
Chr5	11100001	14100000	21.25
Chr5	11400001	14400000	22.70
Chr5	11700001	14700000	21.60
Chr5	12000001	15000000	19.38
Chr5	12300001	15300000	20.28
Chr5	12600001	15600000	20.25
Chr5	12900001	15900000	18.34
Chr5	13200001	16200000	19.96
Chr5	13500001	16500000	20.03
Chr5	13800001	16800000	21.70
Chr5	14100001	17100000	21.87
Chr5	14400001	17400000	21.41
Chr5	14700001	17700000	22.63
Chr5	15000001	18000000	23.00
Chr5	15300001	18300000	22.36
Chr5	15600001	18600000	21.97
Chr5	15900001	18900000	22.95
Chr5	16200001	19200000	20.92
Chr5	16500001	19500000	20.59
Chr5	16800001	19800000	16.38
Chr5	17100001	20100000	16.48
Chr5	17400001	20400000	14.75
Chr5	17700001	20700000	14.24
Chr5	18000001	21000000	14.05
Chr5	18300001	21300000	14.38
Chr5	18600001	21600000	13.61
Chr5	18900001	21900000	12.82
Chr5	19200001	22200000	11.74
Chr5	19500001	22500000	13.13
Chr5	19800001	22800000	13.41
Chr5	20100001	23100000	12.43
Chr5	20400001	23400000	14.30
Chr5	20700001	23700000	14.12
Chr5	21000001	24000000	14.27
Chr5	21300001	24300000	14.21
Chr5	21600001	24600000	14.10
Chr5	21900001	24900000	15.08
Chr5	22200001	25200000	13.57
Chr5	22500001	25500000	13.42
Chr5	22800001	25800000	13.08
Chr5	23100001	26100000	15.31
Chr5	23400001	26400000	15.09
Chr5	23700001	26700000	14.03
Chr5	24000001	27000000	14.01
Chr5	24300001	27300000	15.03
Chr5	24600001	27600000	16.80
Chr5	24900001	27900000	15.78
Chr5	25200001	28200000	17.65
Chr5	25500001	28500000	18.58
Chr5	25800001	28800000	18.26
Chr5	26100001	29100000	15.74
Chr5	26400001	29400000	14.52
Chr5	26700001	29700000	15.46
Chr5	27000001	30000000	16.01
Chr5	27300001	30300000	12.59
Chr5	27600001	30600000	12.06
Chr5	27900001	30900000	13.06
Chr5	28200001	31200000	12.48
Chr5	28500001	31500000	9.66
Chr5	28800001	31800000	9.38
Chr5	29100001	32100000	10.42
Chr5	29400001	32400000	11.56
Chr5	29700001	32700000	12.43
Chr5	30000001	33000000	13.59
Chr5	30300001	33300000	14.37
Chr5	30600001	33600000	13.48
Chr5	30900001	33900000	13.22
Chr5	31200001	34200000	13.74
Chr5	31500001	34500000	16.73
Chr5	31800001	34800000	17.52
Chr5	32100001	35100000	16.16
Chr5	32400001	35400000	15.57
Chr5	32700001	35700000	14.31
Chr5	33000001	36000000	13.78
Chr5	33300001	36300000	13.98
Chr5	33600001	36600000	16.42
Chr5	33900001	36900000	16.57
Chr5	34200001	37200000	16.22
Chr5	34500001	37500000	13.45
Chr5	34800001	37800000	13.08
Chr5	35100001	38100000	13.92
Chr5	35400001	38400000	14.16
Chr5	35700001	38700000	16.09
Chr5	36000001	39000000	16.97
Chr5	36300001	39300000	16.35
Chr5	36600001	39600000	15.57
Chr5	36900001	39900000	15.77
Chr5	37200001	40200000	17.04
Chr5	37500001	40500000	15.65
Chr5	37800001	40800000	16.44
Chr5	38100001	41100000	16.29
Chr5	38400001	41400000	16.22
Chr5	38700001	41700000	14.86
Chr5	39000001	42000000	11.61
Chr5	39300001	42300000	11.87
Chr5	39600001	42600000	11.19
Chr5	39900001	42900000	13.45
Chr5	40200001	43200000	10.95
Chr5	40500001	43500000	12.52
Chr5	40800001	43800000	11.78
Chr5	41100001	44100000	12.37
Chr5	41400001	44400000	11.81
Chr5	41700001	44700000	11.55
Chr5	42000001	45000000	12.36
Chr5	42300001	45300000	13.92
Chr5	42600001	45600000	13.83
Chr5	42900001	45635594	10.77
Chr6	1	3000000	12.90
Chr6	300001	3300000	13.56
Chr6	600001	3600000	14.00
Chr6	900001	3900000	11.99
Chr6	1200001	4200000	11.93
Chr6	1500001	4500000	11.84
Chr6	1800001	4800000	9.97
Chr6	2100001	5100000	10.59
Chr6	2400001	5400000	8.74
Chr6	2700001	5700000	10.11
Chr6	3000001	6000000	9.99
Chr6	3300001	6300000	11.16
Chr6	3600001	6600000	14.09
Chr6	3900001	6900000	16.88
Chr6	4200001	7200000	15.66
Chr6	4500001	7500000	16.07
Chr6	4800001	7800000	18.04
Chr6	5100001	8100000	18.24
Chr6	5400001	8400000	19.49
Chr6	5700001	8700000	18.35
Chr6	6000001	9000000	18.93
Chr6	6300001	9300000	19.12
Chr6	6600001	9600000	16.39
Chr6	6900001	9900000	15.26
Chr6	7200001	10200000	17.49
Chr6	7500001	10500000	19.09
Chr6	7800001	10800000	19.18
Chr6	8100001	11100000	17.97
Chr6	8400001	11400000	17.63
Chr6	8700001	11700000	18.93
Chr6	9000001	12000000	18.10
Chr6	9300001	12300000	18.82
Chr6	9600001	12600000	20.30
Chr6	9900001	12900000	21.69
Chr6	10200001	13200000	21.42
Chr6	10500001	13500000	19.77
Chr6	10800001	13800000	19.91
Chr6	11100001	14100000	21.57
Chr6	11400001	14400000	21.79
Chr6	11700001	14700000	20.99
Chr6	12000001	15000000	22.36
Chr6	12300001	15300000	21.70
Chr6	12600001	15600000	22.08
Chr6	12900001	15900000	21.13
Chr6	13200001	16200000	20.92
Chr6	13500001	16500000	21.33
Chr6	13800001	16800000	21.24
Chr6	14100001	17100000	19.72
Chr6	14400001	17400000	19.80
Chr6	14700001	17700000	19.61
Chr6	15000001	18000000	18.13
Chr6	15300001	18300000	17.23
Chr6	15600001	18600000	17.01
Chr6	15900001	18900000	15.42
Chr6	16200001	19200000	13.96
Chr6	16500001	19500000	13.22
Chr6	16800001	19800000	11.89
Chr6	17100001	20100000	11.12
Chr6	17400001	20400000	9.89
Chr6	17700001	20700000	10.00
Chr6	18000001	21000000	10.41
Chr6	18300001	21300000	12.38
Chr6	18600001	21600000	9.78
Chr6	18900001	21900000	10.28
Chr6	19200001	22200000	13.18
Chr6	19500001	22500000	13.12
Chr6	19800001	22800000	14.78
Chr6	20100001	23100000	16.19
Chr6	20400001	23400000	16.50
Chr6	20700001	23700000	17.28
Chr6	21000001	24000000	16.81
Chr6	21300001	24300000	15.14
Chr6	21600001	24600000	17.85
Chr6	21900001	24900000	20.50
Chr6	22200001	25200000	20.21
Chr6	22500001	25500000	22.93
Chr6	22800001	25800000	22.41
Chr6	23100001	26100000	21.48
Chr6	23400001	26400000	21.73
Chr6	23700001	26700000	21.39
Chr6	24000001	27000000	22.30
Chr6	24300001	27300000	22.32
Chr6	24600001	27600000	19.88
Chr6	24900001	27900000	17.46
Chr6	25200001	28200000	16.87
Chr6	25500001	28500000	15.12
Chr6	25800001	28800000	14.25
Chr6	26100001	29100000	13.89
Chr6	26400001	29400000	13.32
Chr6	26700001	29700000	13.57
Chr6	27000001	30000000	11.56
Chr6	27300001	30300000	12.62
Chr6	27600001	30600000	16.08
Chr6	27900001	30900000	15.31
Chr6	28200001	31200000	15.04
Chr6	28500001	31500000	14.40
Chr6	28800001	31800000	14.87
Chr6	29100001	32100000	14.43
Chr6	29400001	32349783	13.87
Chr7	1	3000000	14.29
Chr7	300001	3300000	13.53
Chr7	600001	3600000	13.96
Chr7	900001	3900000	12.51
Chr7	1200001	4200000	11.63
Chr7	1500001	4500000	12.43
Chr7	1800001	4800000	9.45
Chr7	2100001	5100000	10.12
Chr7	2400001	5400000	10.13
Chr7	2700001	5700000	11.33
Chr7	3000001	6000000	13.08
Chr7	3300001	6300000	14.45
Chr7	3600001	6600000	14.33
Chr7	3900001	6900000	16.47
Chr7	4200001	7200000	18.30
Chr7	4500001	7500000	19.01
Chr7	4800001	7800000	18.88
Chr7	5100001	8100000	17.77
Chr7	5400001	8400000	18.60
Chr7	5700001	8700000	18.24
Chr7	6000001	9000000	17.59
Chr7	6300001	9300000	16.99
Chr7	6600001	9600000	16.29
Chr7	6900001	9900000	14.20
Chr7	7200001	10200000	12.70
Chr7	7500001	10500000	12.00
Chr7	7800001	10800000	12.82
Chr7	8100001	11100000	13.57
Chr7	8400001	11400000	14.75
Chr7	8700001	11700000	13.03
Chr7	9000001	12000000	14.66
Chr7	9300001	12300000	14.57
Chr7	9600001	12600000	14.54
Chr7	9900001	12900000	15.41
Chr7	10200001	13200000	15.66
Chr7	10500001	13500000	15.94
Chr7	10800001	13800000	15.61
Chr7	11100001	14100000	17.31
Chr7	11400001	14400000	16.72
Chr7	11700001	14700000	16.56
Chr7	12000001	15000000	15.56
Chr7	12300001	15300000	16.55
Chr7	12600001	15600000	17.38
Chr7	12900001	15900000	15.69
Chr7	13200001	16200000	16.36
Chr7	13500001	16500000	17.40
Chr7	13800001	16800000	17.04
Chr7	14100001	17100000	15.87
Chr7	14400001	17400000	15.44
Chr7	14700001	17700000	15.84
Chr7	15000001	18000000	16.40
Chr7	15300001	18300000	17.16
Chr7	15600001	18600000	16.46
Chr7	15900001	18900000	17.06
Chr7	16200001	19200000	16.56
Chr7	16500001	19500000	15.98
Chr7	16800001	19800000	16.57
Chr7	17100001	20100000	16.92
Chr7	17400001	20400000	17.33
Chr7	17700001	20700000	18.06
Chr7	18000001	21000000	17.69
Chr7	18300001	21300000	15.11
Chr7	18600001	21600000	15.65
Chr7	18900001	21900000	15.99
Chr7	19200001	22200000	14.89
Chr7	19500001	22500000	14.38
Chr7	19800001	22800000	14.88
Chr7	20100001	23100000	14.89
Chr7	20400001	23400000	14.13
Chr7	20700001	23700000	13.62
Chr7	21000001	24000000	12.50
Chr7	21300001	24300000	14.24
Chr7	21600001	24600000	14.38
Chr7	21900001	24900000	14.33
Chr7	22200001	25200000	16.13
Chr7	22500001	25500000	16.38
Chr7	22800001	25800000	14.73
Chr7	23100001	26100000	15.19
Chr7	23400001	26400000	14.72
Chr7	23700001	26700000	15.98
Chr7	24000001	27000000	15.72
Chr7	24300001	27300000	13.35
Chr7	24600001	27600000	13.12
Chr7	24900001	27900000	14.30
Chr7	25200001	28200000	12.39
Chr7	25500001	28500000	12.23
Chr7	25800001	28800000	11.88
Chr7	26100001	29100000	10.46
Chr7	26400001	29400000	10.34
Chr7	26700001	29700000	6.85
Chr7	27000001	30000000	9.65
Chr7	27300001	30300000	10.10
Chr7	27600001	30600000	11.15
Chr7	27900001	30900000	11.22
Chr7	28200001	31200000	14.43
Chr7	28500001	31500000	14.11
Chr7	28800001	31800000	17.34
Chr7	29100001	32100000	18.57
Chr7	29400001	32400000	21.03
Chr7	29700001	32700000	23.68
Chr7	30000001	33000000	22.92
Chr7	30300001	33300000	23.22
Chr7	30600001	33600000	21.78
Chr7	30900001	33900000	19.38
Chr7	31200001	34200000	15.02
Chr7	31500001	34500000	16.05
Chr7	31800001	34800000	13.29
Chr7	32100001	35100000	15.72
Chr7	32400001	35400000	15.87
Chr7	32700001	35700000	15.79
Chr7	33000001	36000000	14.24
Chr7	33300001	36300000	19.12
Chr7	33600001	36600000	19.95
Chr7	33900001	36685546	21.29
Chr8	1	3000000	14.06
Chr8	300001	3300000	14.19
Chr8	600001	3600000	14.07
Chr8	900001	3900000	14.16
Chr8	1200001	4200000	16.54
Chr8	1500001	4500000	14.98
Chr8	1800001	4800000	16.87
Chr8	2100001	5100000	16.25
Chr8	2400001	5400000	15.08
Chr8	2700001	5700000	15.80
Chr8	3000001	6000000	16.78
Chr8	3300001	6300000	16.00
Chr8	3600001	6600000	15.58
Chr8	3900001	6900000	17.76
Chr8	4200001	7200000	15.84
Chr8	4500001	7500000	15.16
Chr8	4800001	7800000	11.88
Chr8	5100001	8100000	11.65
Chr8	5400001	8400000	14.79
Chr8	5700001	8700000	14.08
Chr8	6000001	9000000	15.49
Chr8	6300001	9300000	15.83
Chr8	6600001	9600000	18.70
Chr8	6900001	9900000	17.37
Chr8	7200001	10200000	17.28
Chr8	7500001	10500000	17.41
Chr8	7800001	10800000	20.32
Chr8	8100001	11100000	20.45
Chr8	8400001	11400000	18.58
Chr8	8700001	11700000	20.53
Chr8	9000001	12000000	19.83
Chr8	9300001	12300000	19.23
Chr8	9600001	12600000	16.09
Chr8	9900001	12900000	16.31
Chr8	10200001	13200000	15.83
Chr8	10500001	13500000	15.94
Chr8	10800001	13800000	13.76
Chr8	11100001	14100000	12.44
Chr8	11400001	14400000	13.62
Chr8	11700001	14700000	14.18
Chr8	12000001	15000000	14.09
Chr8	12300001	15300000	15.22
Chr8	12600001	15600000	17.84
Chr8	12900001	15900000	19.49
Chr8	13200001	16200000	20.42
Chr8	13500001	16500000	23.15
Chr8	13800001	16800000	22.66
Chr8	14100001	17100000	24.93
Chr8	14400001	17400000	24.97
Chr8	14700001	17700000	23.83
Chr8	15000001	18000000	21.94
Chr8	15300001	18300000	22.57
Chr8	15600001	18600000	20.82
Chr8	15900001	18900000	19.58
Chr8	16200001	19200000	20.52
Chr8	16500001	19500000	18.41
Chr8	16800001	19800000	20.64
Chr8	17100001	20100000	19.17
Chr8	17400001	20400000	18.41
Chr8	17700001	20700000	18.58
Chr8	18000001	21000000	20.67
Chr8	18300001	21300000	18.84
Chr8	18600001	21600000	19.50
Chr8	18900001	21900000	21.12
Chr8	19200001	22200000	18.43
Chr8	19500001	22500000	19.33
Chr8	19800001	22800000	16.67
Chr8	20100001	23100000	17.16
Chr8	20400001	23400000	17.98
Chr8	20700001	23700000	16.50
Chr8	21000001	24000000	15.42
Chr8	21300001	24300000	16.50
Chr8	21600001	24600000	17.74
Chr8	21900001	24900000	18.13
Chr8	22200001	25200000	18.63
Chr8	22500001	25500000	18.34
Chr8	22800001	25800000	18.65
Chr8	23100001	26100000	19.53
Chr8	23400001	26400000	20.26
Chr8	23700001	26700000	20.94
Chr8	24000001	27000000	19.88
Chr8	24300001	27300000	18.62
Chr8	24600001	27600000	18.75
Chr8	24900001	27900000	17.63
Chr8	25200001	28200000	17.33
Chr8	25500001	28500000	16.76
Chr8	25800001	28800000	16.95
Chr8	26100001	29100000	17.62
Chr8	26400001	29400000	14.82
Chr8	26700001	29700000	16.51
Chr8	27000001	30000000	18.22
Chr8	27300001	30300000	19.17
Chr8	27600001	30600000	17.14
Chr8	27900001	30900000	16.45
Chr8	28200001	31200000	19.94
Chr8	28500001	31371431	18.03
Chr9	1	3000000	12.06
Chr9	300001	3300000	9.82
Chr9	600001	3600000	11.57
Chr9	900001	3900000	11.33
Chr9	1200001	4200000	12.97
Chr9	1500001	4500000	13.75
Chr9	1800001	4800000	14.52
Chr9	2100001	5100000	13.78
Chr9	2400001	5400000	14.75
Chr9	2700001	5700000	14.23
Chr9	3000001	6000000	11.21
Chr9	3300001	6300000	10.20
Chr9	3600001	6600000	8.93
Chr9	3900001	6900000	11.46
Chr9	4200001	7200000	11.80
Chr9	4500001	7500000	12.29
Chr9	4800001	7800000	12.47
Chr9	5100001	8100000	14.03
Chr9	5400001	8400000	15.25
Chr9	5700001	8700000	15.69
Chr9	6000001	9000000	17.69
Chr9	6300001	9300000	19.35
Chr9	6600001	9600000	19.96
Chr9	6900001	9900000	17.41
Chr9	7200001	10200000	17.66
Chr9	7500001	10500000	15.74
Chr9	7800001	10800000	15.25
Chr9	8100001	11100000	13.61
Chr9	8400001	11400000	12.65
Chr9	8700001	11700000	11.74
Chr9	9000001	12000000	10.80
Chr9	9300001	12300000	10.43
Chr9	9600001	12600000	10.59
Chr9	9900001	12900000	12.08
Chr9	10200001	13200000	10.24
Chr9	10500001	13500000	10.13
Chr9	10800001	13800000	9.58
Chr9	11100001	14100000	9.37
Chr9	11400001	14400000	9.17
Chr9	11700001	14700000	11.41
Chr9	12000001	15000000	10.89
Chr9	12300001	15300000	9.56
Chr9	12600001	15600000	8.09
Chr9	12900001	15900000	6.45
Chr9	13200001	16200000	8.12
Chr9	13500001	16500000	7.78
Chr9	13800001	16800000	7.61
Chr9	14100001	17100000	9.77
Chr9	14400001	17400000	9.89
Chr9	14700001	17700000	10.76
Chr9	15000001	18000000	11.37
Chr9	15300001	18300000	12.86
Chr9	15600001	18600000	13.53
Chr9	15900001	18900000	14.45
Chr9	16200001	19200000	14.23
Chr9	16500001	19500000	16.58
Chr9	16800001	19800000	16.97
Chr9	17100001	20100000	19.20
Chr9	17400001	20400000	20.49
Chr9	17700001	20700000	21.12
Chr9	18000001	21000000	22.77
Chr9	18300001	21300000	23.14
Chr9	18600001	21600000	24.99
Chr9	18900001	21900000	26.40
Chr9	19200001	22200000	24.55
Chr9	19500001	22500000	22.83
Chr9	19800001	22800000	23.33
Chr9	20100001	23100000	20.09
Chr9	20400001	23400000	18.30
Chr9	20700001	23700000	17.03
Chr9	21000001	24000000	15.32
Chr9	21300001	24300000	14.56
Chr9	21600001	24600000	14.04
Chr9	21900001	24900000	14.42
Chr9	22200001	25200000	15.96
Chr9	22500001	25500000	17.23
Chr9	22800001	25800000	17.58
Chr9	23100001	26100000	18.20
Chr9	23400001	26400000	18.70
Chr9	23700001	26700000	19.56
Chr9	24000001	27000000	20.22
Chr9	24300001	27300000	22.92
Chr9	24600001	27600000	21.22
Chr9	24900001	27900000	19.41
Chr9	25200001	28200000	17.70
Chr9	25500001	28500000	16.10
Chr9	25800001	28800000	14.09
Chr9	26100001	29100000	15.23
Chr9	26400001	29400000	17.35
Chr9	26700001	29700000	16.57
Chr9	27000001	30000000	16.62
Chr9	27300001	30300000	15.06
Chr9	27600001	30600000	16.38
Chr9	27900001	30900000	15.82
Chr9	28200001	31200000	16.26
Chr9	28500001	31500000	16.29
Chr9	28800001	31800000	18.53
Chr9	29100001	32100000	20.61
Chr9	29400001	32400000	19.63
Chr9	29700001	32700000	19.53
Chr9	30000001	33000000	20.76
Chr9	30300001	33300000	20.21
Chr9	30600001	33600000	19.38
Chr9	30900001	33900000	19.33
Chr9	31200001	34200000	20.91
Chr9	31500001	34500000	22.27
Chr9	31800001	34800000	22.45
Chr9	32100001	35059391	19.41
Chr10	1	3000000	20.21
Chr10	300001	3300000	17.02
Chr10	600001	3600000	18.67
Chr10	900001	3900000	16.46
Chr10	1200001	4200000	17.58
Chr10	1500001	4500000	16.89
Chr10	1800001	4800000	19.19
Chr10	2100001	5100000	18.36
Chr10	2400001	5400000	16.77
Chr10	2700001	5700000	17.82
Chr10	3000001	6000000	17.01
Chr10	3300001	6300000	18.63
Chr10	3600001	6600000	17.50
Chr10	3900001	6900000	16.59
Chr10	4200001	7200000	15.44
Chr10	4500001	7500000	15.98
Chr10	4800001	7800000	17.99
Chr10	5100001	8100000	16.52
Chr10	5400001	8400000	16.20
Chr10	5700001	8700000	14.59
Chr10	6000001	9000000	14.84
Chr10	6300001	9300000	13.63
Chr10	6600001	9600000	12.94
Chr10	6900001	9900000	14.36
Chr10	7200001	10200000	15.77
Chr10	7500001	10500000	16.17
Chr10	7800001	10800000	15.19
Chr10	8100001	11100000	18.25
Chr10	8400001	11400000	18.13
Chr10	8700001	11700000	20.55
Chr10	9000001	12000000	20.48
Chr10	9300001	12300000	20.46
Chr10	9600001	12600000	21.02
Chr10	9900001	12900000	19.76
Chr10	10200001	13200000	19.80
Chr10	10500001	13500000	19.43
Chr10	10800001	13800000	18.86
Chr10	11100001	14100000	17.20
Chr10	11400001	14400000	18.80
Chr10	11700001	14700000	17.66
Chr10	12000001	15000000	19.31
Chr10	12300001	15300000	21.84
Chr10	12600001	15600000	21.94
Chr10	12900001	15900000	21.75
Chr10	13200001	16200000	21.30
Chr10	13500001	16500000	22.45
Chr10	13800001	16800000	22.95
Chr10	14100001	17100000	25.15
Chr10	14400001	17400000	25.33
Chr10	14700001	17700000	25.80
Chr10	15000001	18000000	25.45
Chr10	15300001	18300000	25.27
Chr10	15600001	18600000	26.37
Chr10	15900001	18900000	28.60
Chr10	16200001	19200000	28.63
Chr10	16500001	19500000	29.57
Chr10	16800001	19800000	28.56
Chr10	17100001	20100000	24.84
Chr10	17400001	20400000	23.72
Chr10	17700001	20700000	23.50
Chr10	18000001	21000000	22.34
Chr10	18300001	21300000	20.63
Chr10	18600001	21600000	19.48
Chr10	18900001	21900000	16.43
Chr10	19200001	22200000	15.78
Chr10	19500001	22500000	13.78
Chr10	19800001	22800000	13.17
Chr10	20100001	23100000	14.44
Chr10	20400001	23400000	14.65
Chr10	20700001	23700000	14.35
Chr10	21000001	24000000	14.31
Chr10	21300001	24300000	14.20
Chr10	21600001	24600000	11.28
Chr10	21900001	24900000	11.71
Chr10	22200001	25200000	11.32
Chr10	22500001	25500000	13.43
Chr10	22800001	25800000	14.48
Chr10	23100001	26100000	15.04
Chr10	23400001	26400000	13.88
Chr10	23700001	26700000	13.54
Chr10	24000001	27000000	14.34
Chr10	24300001	27300000	15.41
Chr10	24600001	27600000	17.92
Chr10	24900001	27900000	17.47
Chr10	25200001	28200000	18.53
Chr10	25500001	28500000	16.05
Chr10	25800001	28800000	16.37
Chr10	26100001	29100000	17.83
Chr10	26400001	29400000	17.31
Chr10	26700001	29700000	16.57
Chr10	27000001	30000000	16.51
Chr10	27300001	30300000	14.57
Chr10	27600001	30600000	13.46
Chr10	27900001	30900000	13.01
Chr10	28200001	31200000	11.97
Chr10	28500001	31500000	10.90
Chr10	28800001	31800000	11.37
Chr10	29100001	32100000	9.57
Chr10	29400001	32400000	11.63
Chr10	29700001	32700000	12.00
Chr10	30000001	33000000	10.92
Chr10	30300001	33300000	13.34
Chr10	30600001	33600000	15.64
Chr10	30900001	33900000	17.32
Chr10	31200001	34200000	19.71
Chr10	31500001	34500000	22.21
Chr10	31800001	34800000	23.79
Chr10	32100001	35100000	23.72
Chr10	32400001	35400000	24.47
Chr10	32700001	35700000	25.78
Chr10	33000001	36000000	28.49
Chr10	33300001	36300000	27.41
Chr10	33600001	36600000	25.17
Chr10	33900001	36900000	24.57
Chr10	34200001	37200000	22.76
Chr10	34500001	37500000	21.36
Chr10	34800001	37800000	19.40
Chr10	35100001	38100000	19.50
Chr10	35400001	38400000	18.64
Chr10	35700001	38700000	18.30
Chr10	36000001	39000000	15.18
Chr10	36300001	39300000	13.83
Chr10	36600001	39600000	13.71
Chr10	36900001	39900000	14.93
Chr10	37200001	40200000	15.70
Chr10	37500001	40500000	14.78
Chr10	37800001	40800000	14.54
Chr10	38100001	41100000	17.89
Chr10	38400001	41400000	15.89
Chr10	38700001	41700000	17.36
Chr10	39000001	42000000	17.22
Chr10	39300001	42300000	16.47
Chr10	39600001	42600000	16.07
Chr10	39900001	42900000	14.67
Chr10	40200001	43200000	13.95
Chr10	40500001	43500000	13.67
Chr10	40800001	43700000	13.04
Chr11	1	3000000	21.00
Chr11	300001	3300000	18.84
Chr11	600001	3600000	15.22
Chr11	900001	3900000	14.95
Chr11	1200001	4200000	13.94
Chr11	1500001	4500000	16.57
Chr11	1800001	4800000	17.83
Chr11	2100001	5100000	15.76
Chr11	2400001	5400000	15.95
Chr11	2700001	5700000	14.86
Chr11	3000001	6000000	17.38
Chr11	3300001	6300000	20.77
Chr11	3600001	6600000	22.73
Chr11	3900001	6900000	21.06
Chr11	4200001	7200000	22.33
Chr11	4500001	7500000	21.64
Chr11	4800001	7800000	20.07
Chr11	5100001	8100000	19.00
Chr11	5400001	8400000	21.91
Chr11	5700001	8700000	22.42
Chr11	6000001	9000000	21.05
Chr11	6300001	9300000	19.48
Chr11	6600001	9600000	23.20
Chr11	6900001	9900000	24.49
Chr11	7200001	10200000	24.54
Chr11	7500001	10500000	21.90
Chr11	7800001	10800000	21.66
Chr11	8100001	11100000	20.84
Chr11	8400001	11400000	18.76
Chr11	8700001	11700000	18.28
Chr11	9000001	12000000	16.97
Chr11	9300001	12300000	17.64
Chr11	9600001	12600000	15.33
Chr11	9900001	12900000	15.89
Chr11	10200001	13200000	13.77
Chr11	10500001	13500000	15.04
Chr11	10800001	13800000	17.36
Chr11	11100001	14100000	19.54
Chr11	11400001	14400000	18.27
Chr11	11700001	14700000	17.03
Chr11	12000001	15000000	16.00
Chr11	12300001	15300000	14.36
Chr11	12600001	15600000	12.70
Chr11	12900001	15900000	10.07
Chr11	13200001	16200000	9.86
Chr11	13500001	16500000	9.62
Chr11	13800001	16800000	6.52
Chr11	14100001	17100000	8.51
Chr11	14400001	17400000	9.46
Chr11	14700001	17700000	9.06
Chr11	15000001	18000000	10.84
Chr11	15300001	18300000	12.15
Chr11	15600001	18600000	11.86
Chr11	15900001	18900000	12.14
Chr11	16200001	19200000	13.34
Chr11	16500001	19500000	14.07
Chr11	16800001	19800000	14.48
Chr11	17100001	20100000	13.89
Chr11	17400001	20400000	13.89
Chr11	17700001	20700000	15.48
Chr11	18000001	21000000	15.31
Chr11	18300001	21300000	16.23
Chr11	18600001	21600000	17.57
Chr11	18900001	21900000	19.36
Chr11	19200001	22200000	19.53
Chr11	19500001	22500000	20.37
Chr11	19800001	22800000	20.88
Chr11	20100001	23100000	20.18
Chr11	20400001	23400000	19.47
Chr11	20700001	23700000	19.17
Chr11	21000001	24000000	19.98
Chr11	21300001	24300000	19.69
Chr11	21600001	24600000	19.66
Chr11	21900001	24900000	18.05
Chr11	22200001	25200000	18.63
Chr11	22500001	25500000	16.84
Chr11	22800001	25800000	16.08
Chr11	23100001	26100000	15.16
Chr11	23400001	26400000	16.10
Chr11	23700001	26700000	16.09
Chr11	24000001	27000000	14.44
Chr11	24300001	27300000	12.31
Chr11	24600001	27600000	12.25
Chr11	24900001	27900000	13.70
Chr11	25200001	28200000	13.21
Chr11	25500001	28500000	13.41
Chr11	25800001	28800000	14.90
Chr11	26100001	29100000	15.29
Chr11	26400001	29400000	15.53
Chr11	26700001	29700000	15.09
Chr11	27000001	30000000	15.81
Chr11	27300001	30300000	17.45
Chr11	27600001	30600000	17.42
Chr11	27900001	30900000	17.49
Chr11	28200001	31200000	18.04
Chr11	28500001	31500000	18.42
Chr11	28800001	31800000	16.39
Chr11	29100001	32100000	16.57
Chr11	29400001	32400000	15.69
Chr11	29700001	32700000	15.60
Chr11	30000001	33000000	15.09
Chr11	30300001	33300000	15.25
Chr11	30600001	33600000	15.34
Chr11	30900001	33900000	15.03
Chr11	31200001	34200000	13.67
Chr11	31500001	34500000	12.51
Chr11	31800001	34800000	12.89
Chr11	32100001	35100000	13.98
Chr11	32400001	35400000	15.12
Chr11	32700001	35700000	14.88
Chr11	33000001	36000000	15.29
Chr11	33300001	36300000	13.33
Chr11	33600001	36600000	12.15
Chr11	33900001	36900000	9.39
Chr11	34200001	37200000	9.04
Chr11	34500001	37500000	8.50
Chr11	34800001	37800000	9.59
Chr11	35100001	38100000	8.14
Chr11	35400001	38400000	8.75
Chr11	35700001	38700000	12.52
Chr11	36000001	39000000	11.45
Chr11	36300001	39300000	15.93
Chr11	36600001	39600000	16.82
Chr11	36900001	39651545	17.57
Chr12	1	3000000	18.52
Chr12	300001	3300000	20.04
Chr12	600001	3600000	17.69
Chr12	900001	3900000	16.13
Chr12	1200001	4200000	15.54
Chr12	1500001	4500000	15.53
Chr12	1800001	4800000	16.42
Chr12	2100001	5100000	17.11
Chr12	2400001	5400000	16.96
Chr12	2700001	5700000	16.35
Chr12	3000001	6000000	15.75
Chr12	3300001	6300000	15.36
Chr12	3600001	6600000	15.82
Chr12	3900001	6900000	13.87
Chr12	4200001	7200000	14.76
Chr12	4500001	7500000	13.79
Chr12	4800001	7800000	13.91
Chr12	5100001	8100000	12.94
Chr12	5400001	8400000	12.74
Chr12	5700001	8700000	13.83
Chr12	6000001	9000000	14.70
Chr12	6300001	9300000	14.75
Chr12	6600001	9600000	14.62
Chr12	6900001	9900000	16.61
Chr12	7200001	10200000	15.85
Chr12	7500001	10500000	16.86
Chr12	7800001	10800000	17.03
Chr12	8100001	11100000	17.53
Chr12	8400001	11400000	16.31
Chr12	8700001	11700000	17.16
Chr12	9000001	12000000	16.29
Chr12	9300001	12300000	16.30
Chr12	9600001	12600000	18.28
Chr12	9900001	12900000	18.30
Chr12	10200001	13200000	19.46
Chr12	10500001	13500000	18.29
Chr12	10800001	13800000	17.88
Chr12	11100001	14100000	19.10
Chr12	11400001	14400000	20.38
Chr12	11700001	14700000	19.54
Chr12	12000001	15000000	18.99
Chr12	12300001	15300000	18.20
Chr12	12600001	15600000	17.38
Chr12	12900001	15900000	17.83
Chr12	13200001	16200000	17.76
Chr12	13500001	16500000	17.15
Chr12	13800001	16800000	18.29
Chr12	14100001	17100000	17.56
Chr12	14400001	17400000	16.35
Chr12	14700001	17700000	15.87
Chr12	15000001	18000000	17.97
Chr12	15300001	18300000	18.88
Chr12	15600001	18600000	18.09
Chr12	15900001	18900000	17.28
Chr12	16200001	19200000	17.27
Chr12	16500001	19500000	18.23
Chr12	16800001	19800000	16.22
Chr12	17100001	20100000	13.97
Chr12	17400001	20400000	16.17
Chr12	17700001	20700000	16.64
Chr12	18000001	21000000	15.28
Chr12	18300001	21300000	14.59
Chr12	18600001	21600000	15.15
Chr12	18900001	21900000	13.96
Chr12	19200001	22200000	13.50
Chr12	19500001	22500000	15.71
Chr12	19800001	22800000	16.98
Chr12	20100001	23100000	19.75
Chr12	20400001	23400000	17.50
Chr12	20700001	23700000	17.71
Chr12	21000001	24000000	17.01
Chr12	21300001	24300000	20.22
Chr12	21600001	24600000	21.94
Chr12	21900001	24900000	23.34
Chr12	22200001	25200000	22.23
Chr12	22500001	25500000	21.82
Chr12	22800001	25800000	21.16
Chr12	23100001	26100000	19.44
Chr12	23400001	26400000	20.69
Chr12	23700001	26700000	22.96
Chr12	24000001	27000000	24.02
Chr12	24300001	27300000	20.84
Chr12	24600001	27600000	17.87
Chr12	24900001	27900000	17.46
Chr12	25200001	28200000	17.08
Chr12	25500001	28500000	13.73
Chr12	25800001	28800000	13.82
Chr12	26100001	29100000	14.20
Chr12	26400001	29400000	13.28
Chr12	26700001	29700000	11.26
Chr12	27000001	30000000	10.27
Chr12	27300001	30300000	10.08
Chr12	27600001	30600000	10.84
Chr12	27900001	30900000	12.28
Chr12	28200001	31200000	13.28
Chr12	28500001	31500000	14.79
Chr12	28800001	31800000	15.69
Chr12	29100001	31915921	14.15
Chr13	1	3000000	15.22
Chr13	300001	3300000	16.44
Chr13	600001	3600000	17.88
Chr13	900001	3900000	20.86
Chr13	1200001	4200000	23.46
Chr13	1500001	4500000	23.22
Chr13	1800001	4800000	22.49
Chr13	2100001	5100000	22.09
Chr13	2400001	5400000	23.09
Chr13	2700001	5700000	23.23
Chr13	3000001	6000000	22.69
Chr13	3300001	6300000	20.70
Chr13	3600001	6600000	21.29
Chr13	3900001	6900000	17.84
Chr13	4200001	7200000	14.15
Chr13	4500001	7500000	14.35
Chr13	4800001	7800000	15.43
Chr13	5100001	8100000	15.80
Chr13	5400001	8400000	15.08
Chr13	5700001	8700000	12.95
Chr13	6000001	9000000	13.37
Chr13	6300001	9300000	15.45
Chr13	6600001	9600000	15.34
Chr13	6900001	9900000	14.80
Chr13	7200001	10200000	15.30
Chr13	7500001	10500000	15.29
Chr13	7800001	10800000	15.02
Chr13	8100001	11100000	14.97
Chr13	8400001	11400000	15.91
Chr13	8700001	11700000	17.56
Chr13	9000001	12000000	16.56
Chr13	9300001	12300000	14.95
Chr13	9600001	12600000	13.35
Chr13	9900001	12900000	13.52
Chr13	10200001	13200000	13.25
Chr13	10500001	13500000	14.97
Chr13	10800001	13800000	14.36
Chr13	11100001	14100000	13.17
Chr13	11400001	14400000	11.75
Chr13	11700001	14700000	10.06
Chr13	12000001	15000000	11.82
Chr13	12300001	15300000	12.60
Chr13	12600001	15600000	12.10
Chr13	12900001	15900000	11.40
Chr13	13200001	16200000	13.11
Chr13	13500001	16500000	11.32
Chr13	13800001	16800000	9.76
Chr13	14100001	17100000	11.51
Chr13	14400001	17400000	10.85
Chr13	14700001	17700000	13.45
Chr13	15000001	18000000	13.75
Chr13	15300001	18300000	14.44
Chr13	15600001	18600000	14.77
Chr13	15900001	18900000	15.61
Chr13	16200001	19200000	14.60
Chr13	16500001	19500000	15.10
Chr13	16800001	19800000	16.77
Chr13	17100001	20100000	15.51
Chr13	17400001	20400000	18.29
Chr13	17700001	20700000	18.65
Chr13	18000001	21000000	16.49
Chr13	18300001	21300000	15.47
Chr13	18600001	21600000	15.28
Chr13	18900001	21900000	14.82
Chr13	19200001	22200000	16.69
Chr13	19500001	22500000	16.07
Chr13	19800001	22800000	15.70
Chr13	20100001	23100000	15.83
Chr13	20400001	23400000	14.33
Chr13	20700001	23700000	12.32
Chr13	21000001	24000000	13.16
Chr13	21300001	24300000	15.62
Chr13	21600001	24600000	16.67
Chr13	21900001	24900000	18.18
Chr13	22200001	25200000	16.18
Chr13	22500001	25500000	17.93
Chr13	22800001	25800000	18.02
Chr13	23100001	26100000	21.82
Chr13	23400001	26400000	22.69
Chr13	23700001	26700000	22.24
Chr13	24000001	27000000	21.99
Chr13	24300001	27300000	20.40
Chr13	24600001	27600000	20.42
Chr13	24900001	27900000	20.59
Chr13	25200001	28200000	21.35
Chr13	25500001	28500000	21.05
Chr13	25800001	28800000	21.39
Chr13	26100001	29100000	17.12
Chr13	26400001	29400000	15.57
Chr13	26700001	29700000	17.25
Chr13	27000001	30000000	17.74
Chr13	27300001	30300000	19.08
Chr13	27600001	30600000	20.63
Chr13	27900001	30900000	22.42
Chr13	28200001	31200000	23.87
Chr13	28500001	31500000	24.35
Chr13	28800001	31800000	27.09
Chr13	29100001	32100000	30.38
Chr13	29400001	32400000	32.06
Chr13	29700001	32700000	31.68
Chr13	30000001	33000000	33.78
Chr13	30300001	33300000	33.28
Chr13	30600001	33600000	32.27
Chr13	30900001	33900000	31.34
Chr13	31200001	34200000	31.27
Chr13	31500001	34500000	31.06
Chr13	31800001	34800000	29.06
Chr13	32100001	35100000	27.64
Chr13	32400001	35400000	29.74
Chr13	32700001	35700000	30.28
Chr13	33000001	36000000	29.08
Chr13	33300001	36300000	30.41
Chr13	33600001	36600000	31.74
Chr13	33900001	36900000	30.60
Chr13	34200001	37200000	29.93
Chr13	34500001	37500000	29.80
Chr13	34800001	37800000	29.14
Chr13	35100001	38100000	29.99
Chr13	35400001	38400000	28.50
Chr13	35700001	38700000	29.80
Chr13	36000001	39000000	29.49
Chr13	36300001	39300000	28.24
Chr13	36600001	39600000	27.75
Chr13	36900001	39900000	27.29
Chr13	37200001	40200000	26.97
Chr13	37500001	40500000	27.16
Chr13	37800001	40800000	27.33
Chr13	38100001	41100000	25.88
Chr13	38400001	41400000	25.13
Chr13	38700001	41700000	24.51
Chr13	39000001	42000000	24.87
Chr13	39300001	42300000	24.19
Chr13	39600001	42600000	23.87
Chr13	39900001	42900000	23.94
Chr13	40200001	43197690	23.20
Chr14	1	3000000	18.25
Chr14	300001	3300000	18.77
Chr14	600001	3600000	16.59
Chr14	900001	3900000	16.21
Chr14	1200001	4200000	13.79
Chr14	1500001	4500000	14.78
Chr14	1800001	4800000	16.31
Chr14	2100001	5100000	16.19
Chr14	2400001	5400000	14.88
Chr14	2700001	5700000	13.98
Chr14	3000001	6000000	16.68
Chr14	3300001	6300000	14.41
Chr14	3600001	6600000	15.40
Chr14	3900001	6900000	17.34
Chr14	4200001	7200000	19.27
Chr14	4500001	7500000	18.07
Chr14	4800001	7800000	18.25
Chr14	5100001	8100000	17.52
Chr14	5400001	8400000	17.65
Chr14	5700001	8700000	17.25
Chr14	6000001	9000000	14.89
Chr14	6300001	9300000	15.28
Chr14	6600001	9600000	15.34
Chr14	6900001	9900000	13.17
Chr14	7200001	10200000	12.95
Chr14	7500001	10500000	14.52
Chr14	7800001	10800000	13.41
Chr14	8100001	11100000	13.70
Chr14	8400001	11400000	15.24
Chr14	8700001	11700000	16.40
Chr14	9000001	12000000	19.02
Chr14	9300001	12300000	23.29
Chr14	9600001	12600000	25.69
Chr14	9900001	12900000	26.26
Chr14	10200001	13200000	25.45
Chr14	10500001	13500000	24.14
Chr14	10800001	13800000	22.76
Chr14	11100001	14100000	22.76
Chr14	11400001	14400000	23.15
Chr14	11700001	14700000	21.59
Chr14	12000001	15000000	20.15
Chr14	12300001	15300000	19.30
Chr14	12600001	15600000	18.72
Chr14	12900001	15900000	19.20
Chr14	13200001	16200000	18.68
Chr14	13500001	16500000	19.56
Chr14	13800001	16800000	20.68
Chr14	14100001	17100000	20.92
Chr14	14400001	17400000	20.70
Chr14	14700001	17700000	21.90
Chr14	15000001	18000000	22.05
Chr14	15300001	18300000	19.92
Chr14	15600001	18600000	17.02
Chr14	15900001	18900000	17.90
Chr14	16200001	19200000	17.61
Chr14	16500001	19500000	17.05
Chr14	16800001	19800000	18.36
Chr14	17100001	20100000	17.95
Chr14	17400001	20400000	16.21
Chr14	17700001	20700000	18.51
Chr14	18000001	21000000	18.82
Chr14	18300001	21300000	19.50
Chr14	18600001	21600000	21.17
Chr14	18900001	21900000	20.15
Chr14	19200001	22200000	20.86
Chr14	19500001	22500000	21.83
Chr14	19800001	22800000	21.66
Chr14	20100001	23100000	20.18
Chr14	20400001	23400000	20.16
Chr14	20700001	23700000	18.86
Chr14	21000001	24000000	19.27
Chr14	21300001	24300000	18.86
Chr14	21600001	24600000	17.58
Chr14	21900001	24900000	17.43
Chr14	22200001	25200000	16.64
Chr14	22500001	25500000	16.53
Chr14	22800001	25800000	16.74
Chr14	23100001	26100000	18.63
Chr14	23400001	26400000	20.71
Chr14	23700001	26700000	21.39
Chr14	24000001	27000000	21.08
Chr14	24300001	27300000	21.57
Chr14	24600001	27600000	21.37
Chr14	24900001	27900000	20.07
Chr14	25200001	28200000	20.20
Chr14	25500001	28500000	18.80
Chr14	25800001	28800000	17.43
Chr14	26100001	29100000	16.84
Chr14	26400001	29400000	15.36
Chr14	26700001	29700000	12.22
Chr14	27000001	30000000	12.79
Chr14	27300001	30300000	9.06
Chr14	27600001	30600000	9.19
Chr14	27900001	30900000	10.08
Chr14	28200001	31200000	9.39
Chr14	28500001	31500000	13.47
Chr14	28800001	31800000	12.61
Chr14	29100001	32100000	11.81
Chr14	29400001	32136955	8.96
Chr15	1	3000000	8.52
Chr15	300001	3300000	10.47
Chr15	600001	3600000	9.02
Chr15	900001	3900000	9.43
Chr15	1200001	4200000	9.79
Chr15	1500001	4500000	6.26
Chr15	1800001	4800000	10.02
Chr15	2100001	5100000	9.41
Chr15	2400001	5400000	12.56
Chr15	2700001	5700000	12.90
Chr15	3000001	6000000	15.53
Chr15	3300001	6300000	14.04
Chr15	3600001	6600000	18.71
Chr15	3900001	6900000	19.00
Chr15	4200001	7200000	20.07
Chr15	4500001	7500000	22.85
Chr15	4800001	7800000	22.12
Chr15	5100001	8100000	23.09
Chr15	5400001	8400000	21.32
Chr15	5700001	8700000	22.59
Chr15	6000001	9000000	21.08
Chr15	6300001	9300000	21.13
Chr15	6600001	9600000	19.37
Chr15	6900001	9900000	19.83
Chr15	7200001	10200000	20.12
Chr15	7500001	10500000	18.20
Chr15	7800001	10800000	19.97
Chr15	8100001	11100000	22.35
Chr15	8400001	11400000	25.64
Chr15	8700001	11700000	24.21
Chr15	9000001	12000000	24.93
Chr15	9300001	12300000	24.47
Chr15	9600001	12600000	23.45
Chr15	9900001	12900000	23.49
Chr15	10200001	13200000	23.30
Chr15	10500001	13500000	22.45
Chr15	10800001	13800000	19.65
Chr15	11100001	14100000	17.72
Chr15	11400001	14400000	16.09
Chr15	11700001	14700000	16.24
Chr15	12000001	15000000	16.77
Chr15	12300001	15300000	17.91
Chr15	12600001	15600000	16.16
Chr15	12900001	15900000	16.05
Chr15	13200001	16200000	16.24
Chr15	13500001	16500000	16.33
Chr15	13800001	16800000	16.70
Chr15	14100001	17100000	15.93
Chr15	14400001	17400000	16.65
Chr15	14700001	17700000	15.15
Chr15	15000001	18000000	16.11
Chr15	15300001	18300000	15.43
Chr15	15600001	18600000	15.43
Chr15	15900001	18900000	13.58
Chr15	16200001	19200000	13.43
Chr15	16500001	19500000	13.95
Chr15	16800001	19800000	14.96
Chr15	17100001	20100000	16.31
Chr15	17400001	20400000	15.02
Chr15	17700001	20700000	16.14
Chr15	18000001	21000000	14.80
Chr15	18300001	21300000	14.35
Chr15	18600001	21600000	14.47
Chr15	18900001	21900000	13.94
Chr15	19200001	22200000	13.37
Chr15	19500001	22500000	12.37
Chr15	19800001	22800000	11.59
Chr15	20100001	23100000	10.81
Chr15	20400001	23400000	9.76
Chr15	20700001	23700000	9.47
Chr15	21000001	24000000	7.13
Chr15	21300001	24300000	7.13
Chr15	21600001	24600000	9.02
Chr15	21900001	24900000	10.65
Chr15	22200001	25200000	11.48
Chr15	22500001	25500000	13.46
Chr15	22800001	25800000	13.02
Chr15	23100001	26100000	15.91
Chr15	23400001	26400000	18.27
Chr15	23700001	26700000	18.26
Chr15	24000001	27000000	19.60
Chr15	24300001	27300000	21.21
Chr15	24600001	27600000	19.64
Chr15	24900001	27900000	19.25
Chr15	25200001	28200000	18.65
Chr15	25500001	28500000	20.51
Chr15	25800001	28800000	21.40
Chr15	26100001	29100000	18.27
Chr15	26400001	29400000	16.43
Chr15	26700001	29700000	16.32
Chr15	27000001	30000000	16.95
Chr15	27300001	30300000	15.45
Chr15	27600001	30600000	16.09
Chr15	27900001	30900000	17.16
Chr15	28200001	31200000	16.77
Chr15	28500001	31500000	13.83
Chr15	28800001	31800000	12.81
Chr15	29100001	32100000	14.53
Chr15	29400001	32400000	15.01
Chr15	29700001	32700000	15.37
Chr15	30000001	33000000	16.08
Chr15	30300001	33300000	17.52
Chr15	30600001	33600000	17.46
Chr15	30900001	33900000	17.17
Chr15	31200001	34200000	18.53
Chr15	31500001	34500000	18.36
Chr15	31800001	34800000	18.95
Chr15	32100001	35100000	19.22
Chr15	32400001	35400000	19.17
Chr15	32700001	35700000	20.43
Chr15	33000001	36000000	21.26
Chr15	33300001	36300000	20.48
Chr15	33600001	36600000	19.78
Chr15	33900001	36900000	19.82
Chr15	34200001	37200000	18.48
Chr15	34500001	37500000	19.10
Chr15	34800001	37800000	18.08
Chr15	35100001	38100000	16.10
Chr15	35400001	38400000	16.93
Chr15	35700001	38700000	15.36
Chr15	36000001	39000000	13.33
Chr15	36300001	39300000	13.33
Chr15	36600001	39600000	15.00
Chr15	36900001	39900000	14.78
Chr15	37200001	40200000	14.64
Chr15	37500001	40500000	13.70
Chr15	37800001	40800000	14.30
Chr15	38100001	41100000	14.24
Chr15	38400001	41400000	12.06
Chr15	38700001	41700000	11.18
Chr15	39000001	42000000	12.02
Chr15	39300001	42300000	12.05
Chr15	39600001	42600000	10.19
Chr15	39900001	42900000	8.89
Chr15	40200001	43200000	11.81
Chr15	40500001	43500000	12.65
Chr15	40800001	43800000	12.22
Chr15	41100001	44100000	13.78
Chr15	41400001	44400000	16.24
Chr15	41700001	44700000	17.13
Chr15	42000001	45000000	16.02
Chr15	42300001	45300000	16.39
Chr15	42600001	45600000	17.78
Chr15	42900001	45900000	20.10
Chr15	43200001	46200000	18.51
Chr15	43500001	46500000	19.66
Chr15	43800001	46800000	19.38
Chr15	44100001	47100000	18.63
Chr15	44400001	47400000	16.08
Chr15	44700001	47700000	17.32
Chr15	45000001	48000000	18.78
Chr15	45300001	48300000	19.76
Chr15	45600001	48600000	18.54
Chr15	45900001	48900000	18.10
Chr15	46200001	49200000	14.95
Chr15	46500001	49422898	13.96
Chr16	1	3000000	13.21
Chr16	300001	3300000	11.66
Chr16	600001	3600000	11.40
Chr16	900001	3900000	13.22
Chr16	1200001	4200000	11.09
Chr16	1500001	4500000	10.52
Chr16	1800001	4800000	6.74
Chr16	2100001	5100000	8.44
Chr16	2400001	5400000	6.99
Chr16	2700001	5700000	7.43
Chr16	3000001	6000000	9.36
Chr16	3300001	6300000	11.65
Chr16	3600001	6600000	11.23
Chr16	3900001	6900000	8.92
Chr16	4200001	7200000	10.93
Chr16	4500001	7500000	12.15
Chr16	4800001	7800000	12.07
Chr16	5100001	8100000	10.58
Chr16	5400001	8400000	11.31
Chr16	5700001	8700000	12.79
Chr16	6000001	9000000	12.57
Chr16	6300001	9300000	13.34
Chr16	6600001	9600000	13.19
Chr16	6900001	9900000	15.00
Chr16	7200001	10200000	14.83
Chr16	7500001	10500000	14.34
Chr16	7800001	10800000	13.29
Chr16	8100001	11100000	14.11
Chr16	8400001	11400000	15.97
Chr16	8700001	11700000	15.25
Chr16	9000001	12000000	18.70
Chr16	9300001	12300000	15.44
Chr16	9600001	12600000	17.00
Chr16	9900001	12900000	15.10
Chr16	10200001	13200000	15.75
Chr16	10500001	13500000	18.59
Chr16	10800001	13800000	18.62
Chr16	11100001	14100000	18.94
Chr16	11400001	14400000	16.53
Chr16	11700001	14700000	16.26
Chr16	12000001	15000000	11.83
Chr16	12300001	15300000	12.31
Chr16	12600001	15600000	13.72
Chr16	12900001	15900000	16.77
Chr16	13200001	16200000	16.85
Chr16	13500001	16500000	14.20
Chr16	13800001	16800000	18.35
Chr16	14100001	17100000	16.82
Chr16	14400001	17400000	16.01
Chr16	14700001	17700000	15.61
Chr16	15000001	18000000	16.64
Chr16	15300001	18300000	17.27
Chr16	15600001	18600000	15.75
Chr16	15900001	18900000	15.04
Chr16	16200001	19200000	14.32
Chr16	16500001	19500000	12.92
Chr16	16800001	19800000	11.48
Chr16	17100001	20100000	12.98
Chr16	17400001	20400000	14.53
Chr16	17700001	20700000	15.91
Chr16	18000001	21000000	15.88
Chr16	18300001	21300000	18.08
Chr16	18600001	21600000	17.02
Chr16	18900001	21900000	17.14
Chr16	19200001	22200000	17.25
Chr16	19500001	22500000	19.10
Chr16	19800001	22800000	17.81
Chr16	20100001	23100000	18.05
Chr16	20400001	23400000	17.98
Chr16	20700001	23700000	17.81
Chr16	21000001	24000000	18.08
Chr16	21300001	24300000	15.72
Chr16	21600001	24600000	18.94
Chr16	21900001	24900000	18.23
Chr16	22200001	25200000	18.36
Chr16	22500001	25500000	17.24
Chr16	22800001	25800000	18.43
Chr16	23100001	26100000	19.99
Chr16	23400001	26400000	20.77
Chr16	23700001	26700000	20.14
Chr16	24000001	27000000	20.35
Chr16	24300001	27300000	21.13
Chr16	24600001	27600000	19.27
Chr16	24900001	27900000	19.36
Chr16	25200001	28200000	19.43
Chr16	25500001	28500000	20.67
Chr16	25800001	28800000	22.20
Chr16	26100001	29100000	22.23
Chr16	26400001	29400000	22.86
Chr16	26700001	29700000	23.34
Chr16	27000001	30000000	25.61
Chr16	27300001	30300000	26.70
Chr16	27600001	30600000	28.37
Chr16	27900001	30900000	27.77
Chr16	28200001	31200000	28.09
Chr16	28500001	31500000	28.31
Chr16	28800001	31800000	27.52
Chr16	29100001	32100000	26.05
Chr16	29400001	32400000	25.65
Chr16	29700001	32700000	24.84
Chr16	30000001	33000000	20.99
Chr16	30300001	33300000	19.46
Chr16	30600001	33600000	19.03
Chr16	30900001	33900000	19.73
Chr16	31200001	34200000	20.42
Chr16	31500001	34500000	19.43
Chr16	31800001	34800000	18.78
Chr16	32100001	35100000	19.23
Chr16	32400001	35400000	17.79
Chr16	32700001	35700000	18.43
Chr16	33000001	36000000	21.58
Chr16	33300001	36300000	23.02
Chr16	33600001	36480970	21.06
Chr17	1	3000000	20.84
Chr17	300001	3300000	23.25
Chr17	600001	3600000	21.58
Chr17	900001	3900000	19.88
Chr17	1200001	4200000	19.06
Chr17	1500001	4500000	20.81
Chr17	1800001	4800000	18.94
Chr17	2100001	5100000	20.22
Chr17	2400001	5400000	19.26
Chr17	2700001	5700000	18.37
Chr17	3000001	6000000	18.06
Chr17	3300001	6300000	16.32
Chr17	3600001	6600000	19.46
Chr17	3900001	6900000	19.84
Chr17	4200001	7200000	19.92
Chr17	4500001	7500000	17.97
Chr17	4800001	7800000	19.20
Chr17	5100001	8100000	18.66
Chr17	5400001	8400000	16.14
Chr17	5700001	8700000	15.74
Chr17	6000001	9000000	17.61
Chr17	6300001	9300000	18.25
Chr17	6600001	9600000	17.44
Chr17	6900001	9900000	14.47
Chr17	7200001	10200000	15.61
Chr17	7500001	10500000	17.25
Chr17	7800001	10800000	16.19
Chr17	8100001	11100000	15.83
Chr17	8400001	11400000	16.51
Chr17	8700001	11700000	18.05
Chr17	9000001	12000000	16.46
Chr17	9300001	12300000	16.29
Chr17	9600001	12600000	15.33
Chr17	9900001	12900000	16.20
Chr17	10200001	13200000	14.59
Chr17	10500001	13500000	13.02
Chr17	10800001	13800000	14.83
Chr17	11100001	14100000	15.00
Chr17	11400001	14400000	13.93
Chr17	11700001	14700000	13.67
Chr17	12000001	15000000	13.97
Chr17	12300001	15300000	12.65
Chr17	12600001	15600000	13.63
Chr17	12900001	15900000	14.18
Chr17	13200001	16200000	14.66
Chr17	13500001	16500000	16.71
Chr17	13800001	16800000	16.15
Chr17	14100001	17100000	16.72
Chr17	14400001	17400000	18.88
Chr17	14700001	17700000	21.36
Chr17	15000001	18000000	22.29
Chr17	15300001	18300000	21.46
Chr17	15600001	18600000	20.37
Chr17	15900001	18900000	21.32
Chr17	16200001	19200000	21.72
Chr17	16500001	19500000	20.49
Chr17	16800001	19800000	20.38
Chr17	17100001	20100000	20.97
Chr17	17400001	20400000	20.73
Chr17	17700001	20700000	18.73
Chr17	18000001	21000000	18.12
Chr17	18300001	21300000	19.15
Chr17	18600001	21600000	21.93
Chr17	18900001	21900000	21.30
Chr17	19200001	22200000	21.39
Chr17	19500001	22500000	21.34
Chr17	19800001	22800000	20.82
Chr17	20100001	23100000	19.91
Chr17	20400001	23400000	20.89
Chr17	20700001	23700000	21.99
Chr17	21000001	24000000	23.73
Chr17	21300001	24300000	25.25
Chr17	21600001	24600000	23.58
Chr17	21900001	24900000	23.20
Chr17	22200001	25200000	22.95
Chr17	22500001	25500000	23.58
Chr17	22800001	25800000	24.87
Chr17	23100001	26100000	24.55
Chr17	23400001	26400000	23.58
Chr17	23700001	26700000	22.84
Chr17	24000001	27000000	21.46
Chr17	24300001	27300000	18.61
Chr17	24600001	27600000	16.07
Chr17	24900001	27900000	16.37
Chr17	25200001	28200000	16.17
Chr17	25500001	28500000	15.65
Chr17	25800001	28800000	15.16
Chr17	26100001	29100000	14.35
Chr17	26400001	29400000	15.93
Chr17	26700001	29700000	15.24
Chr17	27000001	30000000	15.50
Chr17	27300001	30300000	15.93
Chr17	27600001	30600000	14.81
Chr17	27900001	30900000	18.80
Chr17	28200001	31200000	19.89
Chr17	28500001	31500000	23.63
Chr17	28800001	31800000	23.28
Chr17	29100001	32100000	23.60
Chr17	29400001	32400000	22.05
Chr17	29700001	32700000	22.70
Chr17	30000001	33000000	22.96
Chr17	30300001	33300000	24.41
Chr17	30600001	33600000	27.06
Chr17	30900001	33900000	24.48
Chr17	31200001	34200000	24.09
Chr17	31500001	34479775	20.76
