Chr1	1	3000000	77.65
Chr1	300001	3300000	79.64
Chr1	600001	3600000	82.43
Chr1	900001	3900000	86.13
Chr1	1200001	4200000	87.62
Chr1	1500001	4500000	88.36
Chr1	1800001	4800000	86.95
Chr1	2100001	5100000	85.71
Chr1	2400001	5400000	85.02
Chr1	2700001	5700000	84.91
Chr1	3000001	6000000	82.33
Chr1	3300001	6300000	80.04
Chr1	3600001	6600000	77.19
Chr1	3900001	6900000	73.43
Chr1	4200001	7200000	69.24
Chr1	4500001	7500000	65.25
Chr1	4800001	7800000	65.72
Chr1	5100001	8100000	63.96
Chr1	5400001	8400000	61.41
Chr1	5700001	8700000	58.58
Chr1	6000001	9000000	58.9
Chr1	6300001	9300000	56.17
Chr1	6600001	9600000	55.38
Chr1	6900001	9900000	54.39
Chr1	7200001	10200000	53.82
Chr1	7500001	10500000	54.14
Chr1	7800001	10800000	52.98
Chr1	8100001	11100000	52.7
Chr1	8400001	11400000	50.96
Chr1	8700001	11700000	50.98
Chr1	9000001	12000000	49.65
Chr1	9300001	12300000	49.38
Chr1	9600001	12600000	47.48
Chr1	9900001	12900000	45.62
Chr1	10200001	13200000	45.19
Chr1	10500001	13500000	42.65
Chr1	10800001	13800000	41.55
Chr1	11100001	14100000	41.44
Chr1	11400001	14400000	41.1
Chr1	11700001	14700000	39.37
Chr1	12000001	15000000	37.76
Chr1	12300001	15300000	36.44
Chr1	12600001	15600000	35.33
Chr1	12900001	15900000	36.4
Chr1	13200001	16200000	35.83
Chr1	13500001	16500000	36.88
Chr1	13800001	16800000	36.82
Chr1	14100001	17100000	35.53
Chr1	14400001	17400000	35.83
Chr1	14700001	17700000	35.62
Chr1	15000001	18000000	34.58
Chr1	15300001	18300000	33.68
Chr1	15600001	18600000	32.41
Chr1	15900001	18900000	30.93
Chr1	16200001	19200000	31.07
Chr1	16500001	19500000	31.39
Chr1	16800001	19800000	32.2
Chr1	17100001	20100000	32.08
Chr1	17400001	20400000	31.07
Chr1	17700001	20700000	30.82
Chr1	18000001	21000000	31.43
Chr1	18300001	21300000	31.94
Chr1	18600001	21600000	32.33
Chr1	18900001	21900000	32.09
Chr1	19200001	22200000	30.98
Chr1	19500001	22500000	28.55
Chr1	19800001	22800000	26.7
Chr1	20100001	23100000	25.93
Chr1	20400001	23400000	26.2
Chr1	20700001	23700000	26.61
Chr1	21000001	24000000	26.88
Chr1	21300001	24300000	28.46
Chr1	21600001	24600000	28.56
Chr1	21900001	24900000	28.39
Chr1	22200001	25200000	27.71
Chr1	22500001	25500000	28.42
Chr1	22800001	25800000	28.91
Chr1	23100001	26100000	30.19
Chr1	23400001	26400000	29.39
Chr1	23700001	26700000	29.36
Chr1	24000001	27000000	29.37
Chr1	24300001	27300000	27.15
Chr1	24600001	27519054	26.64
Chr2	1	3000000	20.18
Chr2	300001	3300000	18.77
Chr2	600001	3600000	18.72
Chr2	900001	3900000	18.85
Chr2	1200001	4200000	19.79
Chr2	1500001	4500000	21.04
Chr2	1800001	4800000	20.58
Chr2	2100001	5100000	20.4
Chr2	2400001	5400000	21.71
Chr2	2700001	5700000	22.48
Chr2	3000001	6000000	22.54
Chr2	3300001	6300000	22.49
Chr2	3600001	6600000	24.05
Chr2	3900001	6900000	24.59
Chr2	4200001	7200000	26.34
Chr2	4500001	7500000	27.67
Chr2	4800001	7800000	28.07
Chr2	5100001	8100000	28.64
Chr2	5400001	8400000	29.45
Chr2	5700001	8700000	30.12
Chr2	6000001	9000000	30.09
Chr2	6300001	9300000	31.17
Chr2	6600001	9600000	31.07
Chr2	6900001	9900000	31.17
Chr2	7200001	10200000	29.72
Chr2	7500001	10500000	29.98
Chr2	7800001	10800000	29.84
Chr2	8100001	11100000	31.04
Chr2	8400001	11400000	32.44
Chr2	8700001	11700000	32.86
Chr2	9000001	12000000	34.2
Chr2	9300001	12300000	35.44
Chr2	9600001	12600000	37.89
Chr2	9900001	12900000	39.01
Chr2	10200001	13200000	40.71
Chr2	10500001	13500000	39.68
Chr2	10800001	13800000	40.99
Chr2	11100001	14100000	42.02
Chr2	11400001	14400000	40.92
Chr2	11700001	14700000	40.99
Chr2	12000001	15000000	41.79
Chr2	12300001	15300000	42.78
Chr2	12600001	15600000	41.48
Chr2	12900001	15900000	42.25
Chr2	13200001	16200000	42.63
Chr2	13500001	16500000	45.73
Chr2	13800001	16800000	46.39
Chr2	14100001	17100000	45.86
Chr2	14400001	17400000	47.06
Chr2	14700001	17700000	48.2
Chr2	15000001	18000000	48.89
Chr2	15300001	18300000	49.49
Chr2	15600001	18600000	50.58
Chr2	15900001	18900000	52.83
Chr2	16200001	19200000	54.47
Chr2	16500001	19500000	53.67
Chr2	16800001	19800000	55.93
Chr2	17100001	20100000	59.41
Chr2	17400001	20400000	63.75
Chr2	17700001	20700000	68.27
Chr2	18000001	21000000	73.45
Chr2	18300001	21300000	77.04
Chr2	18600001	21600000	80.36
Chr2	18900001	21900000	82.55
Chr2	19200001	22200000	85.37
Chr2	19500001	22500000	89.77
Chr2	19800001	22800000	93.11
Chr2	20100001	23100000	95.42
Chr2	20400001	23400000	95.81
Chr2	20700001	23700000	96.1
Chr2	21000001	24000000	95.76
Chr2	21300001	24300000	94.96
Chr2	21600001	24600000	93.48
Chr2	21900001	24900000	92.25
Chr2	22200001	25200000	89.06
Chr2	22500001	25500000	87.7
Chr2	22800001	25800000	82.12
Chr2	23100001	26100000	78.82
Chr2	23400001	26400000	75.27
Chr2	23700001	26700000	70.92
Chr2	24000001	27000000	67.12
Chr2	24300001	27300000	62.93
Chr2	24600001	27600000	60.4
Chr2	24900001	27900000	57.09
Chr2	25200001	28200000	55.3
Chr2	25500001	28500000	52.28
Chr2	25800001	28800000	51.65
Chr2	26100001	29100000	48.49
Chr2	26400001	29400000	46.35
Chr2	26700001	29700000	45.92
Chr2	27000001	30000000	43.57
Chr2	27300001	30300000	42.45
Chr2	27600001	30600000	40.5
Chr2	27900001	30900000	40.59
Chr2	28200001	31200000	40.43
Chr2	28500001	31500000	38.97
Chr2	28800001	31800000	39.83
Chr2	29100001	32100000	40.86
Chr2	29400001	32400000	40.8
Chr2	29700001	32700000	39.65
Chr2	30000001	33000000	40.62
Chr2	30300001	33300000	40.52
Chr2	30600001	33600000	41.62
Chr2	30900001	33900000	40.81
Chr2	31200001	34200000	39.37
Chr2	31500001	34500000	38.71
Chr2	31800001	34800000	38.16
Chr2	32100001	35100000	37.25
Chr2	32400001	35400000	36.82
Chr2	32700001	35700000	36.67
Chr2	33000001	36000000	36.67
Chr2	33300001	36300000	39.74
Chr2	33600001	36600000	39.39
Chr2	33900001	36900000	39.31
Chr2	34200001	37200000	39.29
Chr2	34500001	37500000	39.37
Chr2	34800001	37800000	40.25
Chr2	35100001	37982726	40.72
Chr3	1	3000000	32.3
Chr3	300001	3300000	32.92
Chr3	600001	3600000	33.34
Chr3	900001	3900000	33.12
Chr3	1200001	4200000	32.8
Chr3	1500001	4500000	31.58
Chr3	1800001	4800000	30.97
Chr3	2100001	5100000	29.25
Chr3	2400001	5400000	29.81
Chr3	2700001	5700000	30.42
Chr3	3000001	6000000	31.51
Chr3	3300001	6300000	30.96
Chr3	3600001	6600000	32.19
Chr3	3900001	6900000	32.83
Chr3	4200001	7200000	34.15
Chr3	4500001	7500000	34.35
Chr3	4800001	7800000	35.18
Chr3	5100001	8100000	35.52
Chr3	5400001	8400000	36.49
Chr3	5700001	8700000	36.48
Chr3	6000001	9000000	37.77
Chr3	6300001	9300000	38.22
Chr3	6600001	9600000	38.11
Chr3	6900001	9900000	37.93
Chr3	7200001	10200000	37.4
Chr3	7500001	10500000	37.14
Chr3	7800001	10800000	37.96
Chr3	8100001	11100000	39.02
Chr3	8400001	11400000	40.79
Chr3	8700001	11700000	41.46
Chr3	9000001	12000000	41.09
Chr3	9300001	12300000	41.23
Chr3	9600001	12600000	39.68
Chr3	9900001	12900000	41.19
Chr3	10200001	13200000	41.59
Chr3	10500001	13500000	44.58
Chr3	10800001	13800000	44.7
Chr3	11100001	14100000	44.33
Chr3	11400001	14400000	43.35
Chr3	11700001	14700000	44.09
Chr3	12000001	15000000	44.35
Chr3	12300001	15300000	46.7
Chr3	12600001	15600000	49.51
Chr3	12900001	15900000	50.85
Chr3	13200001	16200000	53.02
Chr3	13500001	16500000	52.84
Chr3	13800001	16800000	54.25
Chr3	14100001	17100000	56.4
Chr3	14400001	17400000	58.68
Chr3	14700001	17700000	61.27
Chr3	15000001	18000000	63.61
Chr3	15300001	18300000	64.86
Chr3	15600001	18600000	66.59
Chr3	15900001	18900000	67.36
Chr3	16200001	19200000	66.22
Chr3	16500001	19500000	68.07
Chr3	16800001	19800000	70.36
Chr3	17100001	20100000	73.56
Chr3	17400001	20400000	75.94
Chr3	17700001	20700000	78.47
Chr3	18000001	21000000	81.25
Chr3	18300001	21300000	83.57
Chr3	18600001	21600000	86.61
Chr3	18900001	21900000	89.31
Chr3	19200001	22200000	93.17
Chr3	19500001	22500000	90.96
Chr3	19800001	22800000	89.65
Chr3	20100001	23100000	85.35
Chr3	20400001	23400000	81.17
Chr3	20700001	23700000	77.79
Chr3	21000001	24000000	72.42
Chr3	21300001	24300000	67.87
Chr3	21600001	24600000	62.77
Chr3	21900001	24900000	58.33
Chr3	22200001	25200000	53.89
Chr3	22500001	25500000	53.51
Chr3	22800001	25800000	51.09
Chr3	23100001	26100000	49.74
Chr3	23400001	26400000	49.06
Chr3	23700001	26700000	47.97
Chr3	24000001	27000000	47.36
Chr3	24300001	27300000	46.57
Chr3	24600001	27600000	46.2
Chr3	24900001	27900000	44.71
Chr3	25200001	28200000	44.88
Chr3	25500001	28500000	43.02
Chr3	25800001	28800000	43.64
Chr3	26100001	29100000	44.33
Chr3	26400001	29400000	42.84
Chr3	26700001	29700000	41.23
Chr3	27000001	30000000	41.06
Chr3	27300001	30300000	40.56
Chr3	27600001	30600000	38.75
Chr3	27900001	30900000	39.21
Chr3	28200001	31200000	39.72
Chr3	28500001	31500000	40.44
Chr3	28800001	31800000	38.66
Chr3	29100001	32100000	39
Chr3	29400001	32400000	39.97
Chr3	29700001	32700000	40.08
Chr3	30000001	33000000	39.32
Chr3	30300001	33300000	39.49
Chr3	30600001	33600000	39.7
Chr3	30900001	33900000	38.57
Chr3	31200001	34200000	37.16
Chr3	31500001	34500000	37.22
Chr3	31800001	34800000	36.78
Chr3	32100001	35100000	35.11
Chr3	32400001	35400000	33.59
Chr3	32700001	35700000	32.37
Chr3	33000001	36000000	32.46
Chr3	33300001	36300000	31.14
Chr3	33600001	36600000	30.85
Chr3	33900001	36900000	30.37
Chr3	34200001	37200000	29.58
Chr3	34500001	37451735	30.11
Chr4	1	3000000	33.54
Chr4	300001	3300000	32.87
Chr4	600001	3600000	32.87
Chr4	900001	3900000	32.08
Chr4	1200001	4200000	31.97
Chr4	1500001	4500000	32.81
Chr4	1800001	4800000	32.37
Chr4	2100001	5100000	33.61
Chr4	2400001	5400000	32.92
Chr4	2700001	5700000	34.71
Chr4	3000001	6000000	35.09
Chr4	3300001	6300000	36.81
Chr4	3600001	6600000	38.18
Chr4	3900001	6900000	40.9
Chr4	4200001	7200000	42.33
Chr4	4500001	7500000	43.42
Chr4	4800001	7800000	41.61
Chr4	5100001	8100000	43.32
Chr4	5400001	8400000	44.74
Chr4	5700001	8700000	45.13
Chr4	6000001	9000000	46.39
Chr4	6300001	9300000	48.39
Chr4	6600001	9600000	52.13
Chr4	6900001	9900000	53.14
Chr4	7200001	10200000	54.7
Chr4	7500001	10500000	58.31
Chr4	7800001	10800000	61.87
Chr4	8100001	11100000	65.19
Chr4	8400001	11400000	70.63
Chr4	8700001	11700000	76.09
Chr4	9000001	12000000	80.81
Chr4	9300001	12300000	83.93
Chr4	9600001	12600000	85.05
Chr4	9900001	12900000	86.54
Chr4	10200001	13200000	87.09
Chr4	10500001	13500000	85.11
Chr4	10800001	13800000	83.23
Chr4	11100001	14100000	80.13
Chr4	11400001	14400000	76.98
Chr4	11700001	14700000	72.9
Chr4	12000001	15000000	68.03
Chr4	12300001	15300000	62.38
Chr4	12600001	15600000	59.51
Chr4	12900001	15900000	56.1
Chr4	13200001	16200000	55.59
Chr4	13500001	16500000	53.78
Chr4	13800001	16800000	52.62
Chr4	14100001	17100000	50.96
Chr4	14400001	17400000	48.35
Chr4	14700001	17700000	46.77
Chr4	15000001	18000000	44.92
Chr4	15300001	18300000	44.82
Chr4	15600001	18600000	43.5
Chr4	15900001	18900000	42.58
Chr4	16200001	19200000	42.04
Chr4	16500001	19500000	42.48
Chr4	16800001	19800000	42.29
Chr4	17100001	20100000	40.07
Chr4	17400001	20400000	39.9
Chr4	17700001	20700000	38.79
Chr4	18000001	21000000	39.18
Chr4	18300001	21300000	38.79
Chr4	18600001	21600000	38.85
Chr4	18900001	21900000	38.06
Chr4	19200001	22200000	35.62
Chr4	19500001	22500000	34.17
Chr4	19800001	22800000	33.08
Chr4	20100001	23100000	33.93
Chr4	20400001	23400000	33.79
Chr4	20700001	23700000	33.31
Chr4	21000001	24000000	33.99
Chr4	21300001	24300000	33.2
Chr4	21600001	24600000	30.16
Chr4	21900001	24900000	29.53
Chr4	22200001	25200000	29.59
Chr4	22500001	25500000	28.62
Chr4	22800001	25800000	28
Chr4	23100001	26100000	27.62
Chr4	23400001	26400000	27.03
Chr4	23700001	26700000	26.74
Chr4	24000001	27000000	25.23
Chr4	24300001	27300000	24.75
Chr4	24600001	27600000	25.97
Chr4	24900001	27900000	25.75
Chr4	25200001	28200000	25.56
Chr4	25500001	28204096	25.61
Chr5	1	3000000	52.91
Chr5	300001	3300000	49.88
Chr5	600001	3600000	46.29
Chr5	900001	3900000	45.25
Chr5	1200001	4200000	45.24
Chr5	1500001	4500000	44.64
Chr5	1800001	4800000	46.54
Chr5	2100001	5100000	46.5
Chr5	2400001	5400000	45.91
Chr5	2700001	5700000	46.78
Chr5	3000001	6000000	45.94
Chr5	3300001	6300000	46.51
Chr5	3600001	6600000	47.02
Chr5	3900001	6900000	45.82
Chr5	4200001	7200000	45.75
Chr5	4500001	7500000	45.7
Chr5	4800001	7800000	45.9
Chr5	5100001	8100000	46.48
Chr5	5400001	8400000	46.39
Chr5	5700001	8700000	46.62
Chr5	6000001	9000000	47.18
Chr5	6300001	9300000	46.94
Chr5	6600001	9600000	48.27
Chr5	6900001	9900000	48.69
Chr5	7200001	10200000	48.98
Chr5	7500001	10500000	51.2
Chr5	7800001	10800000	51.37
Chr5	8100001	11100000	51.92
Chr5	8400001	11400000	54.83
Chr5	8700001	11700000	56.64
Chr5	9000001	12000000	58.16
Chr5	9300001	12300000	59.81
Chr5	9600001	12600000	59.88
Chr5	9900001	12900000	63.99
Chr5	10200001	13200000	66.84
Chr5	10500001	13500000	66.16
Chr5	10800001	13800000	68.72
Chr5	11100001	14100000	70.34
Chr5	11400001	14400000	71.18
Chr5	11700001	14700000	73.71
Chr5	12000001	15000000	77.06
Chr5	12300001	15300000	80.73
Chr5	12600001	15600000	84.78
Chr5	12900001	15900000	85.93
Chr5	13200001	16200000	88.36
Chr5	13500001	16500000	92.15
Chr5	13800001	16800000	93.67
Chr5	14100001	17100000	93.97
Chr5	14400001	17400000	91.37
Chr5	14700001	17700000	87.96
Chr5	15000001	18000000	83.73
Chr5	15300001	18300000	78.79
Chr5	15600001	18600000	72.91
Chr5	15900001	18900000	67.48
Chr5	16200001	19200000	63.38
Chr5	16500001	19500000	60.61
Chr5	16800001	19800000	57.19
Chr5	17100001	20100000	55.28
Chr5	17400001	20400000	56.53
Chr5	17700001	20700000	54.27
Chr5	18000001	21000000	54.69
Chr5	18300001	21300000	52.81
Chr5	18600001	21600000	52.32
Chr5	18900001	21900000	53.92
Chr5	19200001	22200000	54.23
Chr5	19500001	22500000	52.77
Chr5	19800001	22800000	50.73
Chr5	20100001	23100000	48.78
Chr5	20400001	23400000	46.61
Chr5	20700001	23700000	46.78
Chr5	21000001	24000000	44.55
Chr5	21300001	24300000	44.64
Chr5	21600001	24600000	46.41
Chr5	21900001	24900000	44.04
Chr5	22200001	25200000	42.05
Chr5	22500001	25500000	41.6
Chr5	22800001	25800000	42.58
Chr5	23100001	26100000	43.57
Chr5	23400001	26400000	43.22
Chr5	23700001	26700000	43.57
Chr5	24000001	27000000	44.13
Chr5	24300001	27300000	44.92
Chr5	24600001	27600000	43.55
Chr5	24900001	27900000	43.3
Chr5	25200001	28200000	42.9
Chr5	25500001	28500000	43.15
Chr5	25800001	28800000	41.45
Chr5	26100001	29100000	39.43
Chr5	26400001	29400000	38.02
Chr5	26700001	29700000	36.82
Chr5	27000001	30000000	35.76
Chr5	27300001	30300000	34.82
Chr5	27600001	30600000	34.63
Chr5	27900001	30900000	33.8
Chr5	28200001	31200000	33.39
Chr5	28500001	31500000	33.09
Chr5	28800001	31800000	33.3
Chr5	29100001	32100000	33.85
Chr5	29400001	32400000	34.63
Chr5	29700001	32700000	35.44
Chr5	30000001	33000000	36.48
Chr5	30300001	33300000	37.95
Chr5	30600001	33600000	38.84
Chr5	30900001	33900000	39.11
Chr5	31200001	34200000	39.31
Chr5	31500001	34500000	37.83
Chr5	31800001	34800000	37.52
Chr5	32100001	35100000	36.56
Chr5	32400001	35400000	36.35
Chr5	32700001	35700000	34.26
Chr5	33000001	36000000	31.58
Chr5	33300001	36300000	29.55
Chr5	33600001	36600000	28.52
Chr5	33900001	36900000	28.41
Chr5	34200001	37200000	27.74
Chr5	34500001	37500000	27.84
Chr5	34800001	37800000	27.09
Chr5	35100001	38100000	27.29
Chr5	35400001	38400000	27.95
Chr5	35700001	38700000	28.51
Chr5	36000001	39000000	30.34
Chr5	36300001	39300000	31.07
Chr5	36600001	39600000	29.26
Chr5	36900001	39900000	28.83
Chr5	37200001	40200000	28.17
Chr5	37500001	40500000	27.56
Chr5	37800001	40800000	27.98
Chr5	38100001	41100000	27.2
Chr5	38400001	41400000	26.13
Chr5	38700001	41700000	27.67
Chr5	39000001	42000000	26.3
Chr5	39300001	42300000	25.48
Chr5	39600001	42600000	25.62
Chr5	39900001	42900000	26.03
Chr5	40200001	43200000	25.62
Chr5	40500001	43500000	26.43
Chr5	40800001	43800000	26.3
Chr5	41100001	44100000	27.18
Chr5	41400001	44400000	26.59
Chr5	41700001	44700000	25.12
Chr5	42000001	45000000	24.83
Chr5	42300001	45300000	24.78
Chr5	42600001	45600000	24.89
Chr5	42900001	45635594	24.59
Chr6	1	3000000	42.22
Chr6	300001	3300000	42.1
Chr6	600001	3600000	41.75
Chr6	900001	3900000	43.39
Chr6	1200001	4200000	44.69
Chr6	1500001	4500000	43.69
Chr6	1800001	4800000	46.18
Chr6	2100001	5100000	48.67
Chr6	2400001	5400000	47.28
Chr6	2700001	5700000	44.08
Chr6	3000001	6000000	45.5
Chr6	3300001	6300000	46.28
Chr6	3600001	6600000	48.87
Chr6	3900001	6900000	49.56
Chr6	4200001	7200000	50.68
Chr6	4500001	7500000	54.23
Chr6	4800001	7800000	55.02
Chr6	5100001	8100000	52.8
Chr6	5400001	8400000	57.33
Chr6	5700001	8700000	59.82
Chr6	6000001	9000000	61.81
Chr6	6300001	9300000	63.91
Chr6	6600001	9600000	64.5
Chr6	6900001	9900000	65.51
Chr6	7200001	10200000	67.03
Chr6	7500001	10500000	68.36
Chr6	7800001	10800000	71.04
Chr6	8100001	11100000	75.46
Chr6	8400001	11400000	75.8
Chr6	8700001	11700000	78.73
Chr6	9000001	12000000	82.47
Chr6	9300001	12300000	85.7
Chr6	9600001	12600000	88.97
Chr6	9900001	12900000	91.92
Chr6	10200001	13200000	93.45
Chr6	10500001	13500000	93.73
Chr6	10800001	13800000	93.56
Chr6	11100001	14100000	93
Chr6	11400001	14400000	90.72
Chr6	11700001	14700000	86.83
Chr6	12000001	15000000	85.42
Chr6	12300001	15300000	81.26
Chr6	12600001	15600000	79.27
Chr6	12900001	15900000	75.39
Chr6	13200001	16200000	73.14
Chr6	13500001	16500000	71.21
Chr6	13800001	16800000	68.63
Chr6	14100001	17100000	66.35
Chr6	14400001	17400000	66.72
Chr6	14700001	17700000	65.46
Chr6	15000001	18000000	63.79
Chr6	15300001	18300000	64.08
Chr6	15600001	18600000	61.21
Chr6	15900001	18900000	59.86
Chr6	16200001	19200000	56.17
Chr6	16500001	19500000	53.6
Chr6	16800001	19800000	52.22
Chr6	17100001	20100000	51.04
Chr6	17400001	20400000	49.06
Chr6	17700001	20700000	47.96
Chr6	18000001	21000000	45.33
Chr6	18300001	21300000	43.7
Chr6	18600001	21600000	44.25
Chr6	18900001	21900000	42.38
Chr6	19200001	22200000	43.94
Chr6	19500001	22500000	43.5
Chr6	19800001	22800000	44.76
Chr6	20100001	23100000	43.85
Chr6	20400001	23400000	43.56
Chr6	20700001	23700000	42.95
Chr6	21000001	24000000	41.63
Chr6	21300001	24300000	40.91
Chr6	21600001	24600000	40.23
Chr6	21900001	24900000	41.61
Chr6	22200001	25200000	40.1
Chr6	22500001	25500000	39.84
Chr6	22800001	25800000	37.96
Chr6	23100001	26100000	36.35
Chr6	23400001	26400000	35.54
Chr6	23700001	26700000	35.54
Chr6	24000001	27000000	35.41
Chr6	24300001	27300000	34.53
Chr6	24600001	27600000	33.03
Chr6	24900001	27900000	31.45
Chr6	25200001	28200000	30.91
Chr6	25500001	28500000	30.22
Chr6	25800001	28800000	28.09
Chr6	26100001	29100000	27.92
Chr6	26400001	29400000	26.71
Chr6	26700001	29700000	26.07
Chr6	27000001	30000000	25.46
Chr6	27300001	30300000	25.2
Chr6	27600001	30600000	25.96
Chr6	27900001	30900000	25.56
Chr6	28200001	31200000	26.01
Chr6	28500001	31500000	24.58
Chr6	28800001	31800000	25.38
Chr6	29100001	32100000	25.08
Chr6	29400001	32349783	26.83
Chr7	1	3000000	36.1
Chr7	300001	3300000	35.15
Chr7	600001	3600000	35.73
Chr7	900001	3900000	37.38
Chr7	1200001	4200000	39.67
Chr7	1500001	4500000	40.54
Chr7	1800001	4800000	39.75
Chr7	2100001	5100000	39.7
Chr7	2400001	5400000	38.41
Chr7	2700001	5700000	39.31
Chr7	3000001	6000000	38.86
Chr7	3300001	6300000	39.69
Chr7	3600001	6600000	39.52
Chr7	3900001	6900000	40.61
Chr7	4200001	7200000	40.96
Chr7	4500001	7500000	42
Chr7	4800001	7800000	42.14
Chr7	5100001	8100000	42.34
Chr7	5400001	8400000	43.49
Chr7	5700001	8700000	44.16
Chr7	6000001	9000000	44.61
Chr7	6300001	9300000	44.92
Chr7	6600001	9600000	45.82
Chr7	6900001	9900000	45.32
Chr7	7200001	10200000	43.59
Chr7	7500001	10500000	42.69
Chr7	7800001	10800000	41.42
Chr7	8100001	11100000	44.4
Chr7	8400001	11400000	44.55
Chr7	8700001	11700000	43.96
Chr7	9000001	12000000	46.18
Chr7	9300001	12300000	46.64
Chr7	9600001	12600000	46.59
Chr7	9900001	12900000	46.78
Chr7	10200001	13200000	48.14
Chr7	10500001	13500000	49.44
Chr7	10800001	13800000	51.65
Chr7	11100001	14100000	51.79
Chr7	11400001	14400000	53.4
Chr7	11700001	14700000	54.87
Chr7	12000001	15000000	53.4
Chr7	12300001	15300000	54.89
Chr7	12600001	15600000	58.61
Chr7	12900001	15900000	60.88
Chr7	13200001	16200000	64.5
Chr7	13500001	16500000	67.76
Chr7	13800001	16800000	72.21
Chr7	14100001	17100000	76.04
Chr7	14400001	17400000	79.87
Chr7	14700001	17700000	84.88
Chr7	15000001	18000000	87.58
Chr7	15300001	18300000	88.41
Chr7	15600001	18600000	85.27
Chr7	15900001	18900000	82.63
Chr7	16200001	19200000	78.73
Chr7	16500001	19500000	77.49
Chr7	16800001	19800000	72.21
Chr7	17100001	20100000	67.38
Chr7	17400001	20400000	62.98
Chr7	17700001	20700000	59.4
Chr7	18000001	21000000	57.89
Chr7	18300001	21300000	55.05
Chr7	18600001	21600000	54.14
Chr7	18900001	21900000	54.26
Chr7	19200001	22200000	54.95
Chr7	19500001	22500000	51.75
Chr7	19800001	22800000	50.71
Chr7	20100001	23100000	51.71
Chr7	20400001	23400000	52.58
Chr7	20700001	23700000	51.62
Chr7	21000001	24000000	51.96
Chr7	21300001	24300000	54.87
Chr7	21600001	24600000	55.54
Chr7	21900001	24900000	55.11
Chr7	22200001	25200000	53.37
Chr7	22500001	25500000	52.54
Chr7	22800001	25800000	52.82
Chr7	23100001	26100000	49.98
Chr7	23400001	26400000	47.64
Chr7	23700001	26700000	46.39
Chr7	24000001	27000000	43.08
Chr7	24300001	27300000	40.64
Chr7	24600001	27600000	39.7
Chr7	24900001	27900000	38.5
Chr7	25200001	28200000	38.33
Chr7	25500001	28500000	37.75
Chr7	25800001	28800000	37.28
Chr7	26100001	29100000	38.36
Chr7	26400001	29400000	37.4
Chr7	26700001	29700000	36.25
Chr7	27000001	30000000	37.63
Chr7	27300001	30300000	35.34
Chr7	27600001	30600000	33.34
Chr7	27900001	30900000	32.52
Chr7	28200001	31200000	31.84
Chr7	28500001	31500000	31.45
Chr7	28800001	31800000	30.97
Chr7	29100001	32100000	28.96
Chr7	29400001	32400000	28.12
Chr7	29700001	32700000	28.1
Chr7	30000001	33000000	25.77
Chr7	30300001	33300000	25.31
Chr7	30600001	33600000	25.37
Chr7	30900001	33900000	25.39
Chr7	31200001	34200000	25.04
Chr7	31500001	34500000	24.41
Chr7	31800001	34800000	22.87
Chr7	32100001	35100000	24.39
Chr7	32400001	35400000	26.88
Chr7	32700001	35700000	25.47
Chr7	33000001	36000000	26.35
Chr7	33300001	36300000	27.3
Chr7	33600001	36600000	26.86
Chr7	33900001	36685546	27.2
Chr8	1	3000000	25.34
Chr8	300001	3300000	25.55
Chr8	600001	3600000	24.52
Chr8	900001	3900000	25.23
Chr8	1200001	4200000	27.06
Chr8	1500001	4500000	30.53
Chr8	1800001	4800000	32.94
Chr8	2100001	5100000	32.92
Chr8	2400001	5400000	33.32
Chr8	2700001	5700000	34.44
Chr8	3000001	6000000	35.22
Chr8	3300001	6300000	34.33
Chr8	3600001	6600000	36.25
Chr8	3900001	6900000	35.32
Chr8	4200001	7200000	34.1
Chr8	4500001	7500000	30.98
Chr8	4800001	7800000	30.77
Chr8	5100001	8100000	30.58
Chr8	5400001	8400000	30.84
Chr8	5700001	8700000	30.44
Chr8	6000001	9000000	31.81
Chr8	6300001	9300000	32.31
Chr8	6600001	9600000	31.97
Chr8	6900001	9900000	33.83
Chr8	7200001	10200000	35.65
Chr8	7500001	10500000	35.97
Chr8	7800001	10800000	36.67
Chr8	8100001	11100000	37.4
Chr8	8400001	11400000	37.68
Chr8	8700001	11700000	37.67
Chr8	9000001	12000000	38.99
Chr8	9300001	12300000	39.91
Chr8	9600001	12600000	40.02
Chr8	9900001	12900000	40.86
Chr8	10200001	13200000	41.63
Chr8	10500001	13500000	43.67
Chr8	10800001	13800000	43.22
Chr8	11100001	14100000	45.13
Chr8	11400001	14400000	47.2
Chr8	11700001	14700000	49.52
Chr8	12000001	15000000	49.43
Chr8	12300001	15300000	52.69
Chr8	12600001	15600000	54.28
Chr8	12900001	15900000	55.99
Chr8	13200001	16200000	59.05
Chr8	13500001	16500000	63.36
Chr8	13800001	16800000	66.22
Chr8	14100001	17100000	67.12
Chr8	14400001	17400000	71.55
Chr8	14700001	17700000	75.98
Chr8	15000001	18000000	80.63
Chr8	15300001	18300000	83.03
Chr8	15600001	18600000	87.26
Chr8	15900001	18900000	88.83
Chr8	16200001	19200000	86.58
Chr8	16500001	19500000	83.97
Chr8	16800001	19800000	84.94
Chr8	17100001	20100000	83.63
Chr8	17400001	20400000	79.54
Chr8	17700001	20700000	76.44
Chr8	18000001	21000000	72.19
Chr8	18300001	21300000	67.91
Chr8	18600001	21600000	62.37
Chr8	18900001	21900000	58.67
Chr8	19200001	22200000	56.79
Chr8	19500001	22500000	54.7
Chr8	19800001	22800000	50.95
Chr8	20100001	23100000	49.86
Chr8	20400001	23400000	52.06
Chr8	20700001	23700000	51.46
Chr8	21000001	24000000	49.27
Chr8	21300001	24300000	49
Chr8	21600001	24600000	49.6
Chr8	21900001	24900000	49.43
Chr8	22200001	25200000	49.8
Chr8	22500001	25500000	52.55
Chr8	22800001	25800000	52.5
Chr8	23100001	26100000	51.43
Chr8	23400001	26400000	48.52
Chr8	23700001	26700000	46.41
Chr8	24000001	27000000	46.53
Chr8	24300001	27300000	44.42
Chr8	24600001	27600000	42.67
Chr8	24900001	27900000	43.08
Chr8	25200001	28200000	41.25
Chr8	25500001	28500000	38.56
Chr8	25800001	28800000	37.32
Chr8	26100001	29100000	37.4
Chr8	26400001	29400000	36.96
Chr8	26700001	29700000	37.03
Chr8	27000001	30000000	37.14
Chr8	27300001	30300000	37.46
Chr8	27600001	30600000	37.4
Chr8	27900001	30900000	34.37
Chr8	28200001	31200000	35.39
Chr8	28500001	31371431	36.2
Chr9	1	3000000	24.61
Chr9	300001	3300000	24.58
Chr9	600001	3600000	24.7
Chr9	900001	3900000	25.12
Chr9	1200001	4200000	26.04
Chr9	1500001	4500000	26.09
Chr9	1800001	4800000	25.38
Chr9	2100001	5100000	24.48
Chr9	2400001	5400000	24.85
Chr9	2700001	5700000	24.33
Chr9	3000001	6000000	23.68
Chr9	3300001	6300000	25.27
Chr9	3600001	6600000	25.54
Chr9	3900001	6900000	26.66
Chr9	4200001	7200000	27.66
Chr9	4500001	7500000	28.16
Chr9	4800001	7800000	30.37
Chr9	5100001	8100000	30.9
Chr9	5400001	8400000	31.29
Chr9	5700001	8700000	32.57
Chr9	6000001	9000000	32.13
Chr9	6300001	9300000	32.55
Chr9	6600001	9600000	32.88
Chr9	6900001	9900000	33.06
Chr9	7200001	10200000	34.63
Chr9	7500001	10500000	34.56
Chr9	7800001	10800000	34.85
Chr9	8100001	11100000	36.44
Chr9	8400001	11400000	36.73
Chr9	8700001	11700000	37.39
Chr9	9000001	12000000	38.01
Chr9	9300001	12300000	36.24
Chr9	9600001	12600000	37.38
Chr9	9900001	12900000	37.58
Chr9	10200001	13200000	36.67
Chr9	10500001	13500000	37.52
Chr9	10800001	13800000	37.29
Chr9	11100001	14100000	36.7
Chr9	11400001	14400000	37.43
Chr9	11700001	14700000	37.93
Chr9	12000001	15000000	39.29
Chr9	12300001	15300000	41.23
Chr9	12600001	15600000	40.91
Chr9	12900001	15900000	41.87
Chr9	13200001	16200000	42.29
Chr9	13500001	16500000	42.18
Chr9	13800001	16800000	43.05
Chr9	14100001	17100000	44.64
Chr9	14400001	17400000	43.94
Chr9	14700001	17700000	45.12
Chr9	15000001	18000000	44.63
Chr9	15300001	18300000	44.28
Chr9	15600001	18600000	45.41
Chr9	15900001	18900000	45.79
Chr9	16200001	19200000	45.51
Chr9	16500001	19500000	47.07
Chr9	16800001	19800000	48.9
Chr9	17100001	20100000	50.81
Chr9	17400001	20400000	55.07
Chr9	17700001	20700000	58.01
Chr9	18000001	21000000	63.31
Chr9	18300001	21300000	66.87
Chr9	18600001	21600000	70.54
Chr9	18900001	21900000	72.74
Chr9	19200001	22200000	78.25
Chr9	19500001	22500000	82.67
Chr9	19800001	22800000	86.14
Chr9	20100001	23100000	89.14
Chr9	20400001	23400000	91.38
Chr9	20700001	23700000	92.66
Chr9	21000001	24000000	91.54
Chr9	21300001	24300000	91.79
Chr9	21600001	24600000	91.47
Chr9	21900001	24900000	92.52
Chr9	22200001	25200000	88.82
Chr9	22500001	25500000	87.23
Chr9	22800001	25800000	82.97
Chr9	23100001	26100000	77.95
Chr9	23400001	26400000	72.4
Chr9	23700001	26700000	68.26
Chr9	24000001	27000000	65.4
Chr9	24300001	27300000	63.34
Chr9	24600001	27600000	60.71
Chr9	24900001	27900000	56.46
Chr9	25200001	28200000	55.19
Chr9	25500001	28500000	51.2
Chr9	25800001	28800000	51
Chr9	26100001	29100000	51.94
Chr9	26400001	29400000	52.74
Chr9	26700001	29700000	51.36
Chr9	27000001	30000000	50.39
Chr9	27300001	30300000	49.82
Chr9	27600001	30600000	48.92
Chr9	27900001	30900000	48.3
Chr9	28200001	31200000	49.22
Chr9	28500001	31500000	49.75
Chr9	28800001	31800000	48.27
Chr9	29100001	32100000	47.19
Chr9	29400001	32400000	47.03
Chr9	29700001	32700000	47.2
Chr9	30000001	33000000	47.05
Chr9	30300001	33300000	45.44
Chr9	30600001	33600000	45.19
Chr9	30900001	33900000	47.18
Chr9	31200001	34200000	46.03
Chr9	31500001	34500000	46.68
Chr9	31800001	34800000	48.4
Chr9	32100001	35059391	48.24
Chr10	1	3000000	49.69
Chr10	300001	3300000	47.81
Chr10	600001	3600000	44.03
Chr10	900001	3900000	42.79
Chr10	1200001	4200000	41.59
Chr10	1500001	4500000	39.52
Chr10	1800001	4800000	40.43
Chr10	2100001	5100000	39.05
Chr10	2400001	5400000	40.23
Chr10	2700001	5700000	39.41
Chr10	3000001	6000000	39.78
Chr10	3300001	6300000	40.1
Chr10	3600001	6600000	43.29
Chr10	3900001	6900000	46.42
Chr10	4200001	7200000	46.42
Chr10	4500001	7500000	46.38
Chr10	4800001	7800000	47.24
Chr10	5100001	8100000	47.9
Chr10	5400001	8400000	46.58
Chr10	5700001	8700000	47.81
Chr10	6000001	9000000	48.29
Chr10	6300001	9300000	49.05
Chr10	6600001	9600000	46.45
Chr10	6900001	9900000	45.75
Chr10	7200001	10200000	47.19
Chr10	7500001	10500000	50.28
Chr10	7800001	10800000	49.71
Chr10	8100001	11100000	50.85
Chr10	8400001	11400000	51.34
Chr10	8700001	11700000	53.51
Chr10	9000001	12000000	53.76
Chr10	9300001	12300000	54.08
Chr10	9600001	12600000	56.41
Chr10	9900001	12900000	53.06
Chr10	10200001	13200000	53.28
Chr10	10500001	13500000	51.96
Chr10	10800001	13800000	54.74
Chr10	11100001	14100000	55.81
Chr10	11400001	14400000	58.43
Chr10	11700001	14700000	59.87
Chr10	12000001	15000000	64.85
Chr10	12300001	15300000	69.68
Chr10	12600001	15600000	72.95
Chr10	12900001	15900000	79.67
Chr10	13200001	16200000	83.95
Chr10	13500001	16500000	88.55
Chr10	13800001	16800000	90.22
Chr10	14100001	17100000	92.8
Chr10	14400001	17400000	94.52
Chr10	14700001	17700000	96.08
Chr10	15000001	18000000	96.21
Chr10	15300001	18300000	95.76
Chr10	15600001	18600000	94.67
Chr10	15900001	18900000	92.13
Chr10	16200001	19200000	88.15
Chr10	16500001	19500000	85.45
Chr10	16800001	19800000	81.3
Chr10	17100001	20100000	77.39
Chr10	17400001	20400000	73.64
Chr10	17700001	20700000	70.09
Chr10	18000001	21000000	66.46
Chr10	18300001	21300000	62.75
Chr10	18600001	21600000	59.43
Chr10	18900001	21900000	57.24
Chr10	19200001	22200000	56
Chr10	19500001	22500000	53.57
Chr10	19800001	22800000	53.33
Chr10	20100001	23100000	52.67
Chr10	20400001	23400000	52.35
Chr10	20700001	23700000	51.64
Chr10	21000001	24000000	49.92
Chr10	21300001	24300000	48.47
Chr10	21600001	24600000	48.27
Chr10	21900001	24900000	47.08
Chr10	22200001	25200000	46.29
Chr10	22500001	25500000	45.61
Chr10	22800001	25800000	44.36
Chr10	23100001	26100000	43.85
Chr10	23400001	26400000	43.04
Chr10	23700001	26700000	42.19
Chr10	24000001	27000000	42.07
Chr10	24300001	27300000	41.38
Chr10	24600001	27600000	42.22
Chr10	24900001	27900000	42.12
Chr10	25200001	28200000	42.7
Chr10	25500001	28500000	41.35
Chr10	25800001	28800000	42.14
Chr10	26100001	29100000	42.61
Chr10	26400001	29400000	41.61
Chr10	26700001	29700000	41.22
Chr10	27000001	30000000	40.21
Chr10	27300001	30300000	41.04
Chr10	27600001	30600000	38.35
Chr10	27900001	30900000	37.69
Chr10	28200001	31200000	38.32
Chr10	28500001	31500000	39.18
Chr10	28800001	31800000	38.79
Chr10	29100001	32100000	37.57
Chr10	29400001	32400000	39.37
Chr10	29700001	32700000	39
Chr10	30000001	33000000	39.61
Chr10	30300001	33300000	38.27
Chr10	30600001	33600000	38.04
Chr10	30900001	33900000	38.31
Chr10	31200001	34200000	36.44
Chr10	31500001	34500000	36.43
Chr10	31800001	34800000	34.04
Chr10	32100001	35100000	34.02
Chr10	32400001	35400000	32.42
Chr10	32700001	35700000	31.5
Chr10	33000001	36000000	32.83
Chr10	33300001	36300000	32.76
Chr10	33600001	36600000	31.77
Chr10	33900001	36900000	30.84
Chr10	34200001	37200000	31.04
Chr10	34500001	37500000	30.3
Chr10	34800001	37800000	29.67
Chr10	35100001	38100000	29.64
Chr10	35400001	38400000	29.06
Chr10	35700001	38700000	29.08
Chr10	36000001	39000000	27.92
Chr10	36300001	39300000	27.29
Chr10	36600001	39600000	27.04
Chr10	36900001	39900000	26.89
Chr10	37200001	40200000	26.97
Chr10	37500001	40500000	25.65
Chr10	37800001	40800000	27.41
Chr10	38100001	41100000	27.68
Chr10	38400001	41400000	29.21
Chr10	38700001	41700000	31.33
Chr10	39000001	42000000	30.6
Chr10	39300001	42300000	29.58
Chr10	39600001	42600000	29.3
Chr10	39900001	42900000	28.74
Chr10	40200001	43200000	28.71
Chr10	40500001	43500000	29.26
Chr10	40800001	43700000	27.86
Chr11	1	3000000	32.11
Chr11	300001	3300000	32.44
Chr11	600001	3600000	32.32
Chr11	900001	3900000	31.89
Chr11	1200001	4200000	31.39
Chr11	1500001	4500000	30.5
Chr11	1800001	4800000	30.94
Chr11	2100001	5100000	30.66
Chr11	2400001	5400000	30.84
Chr11	2700001	5700000	31.62
Chr11	3000001	6000000	31.88
Chr11	3300001	6300000	31.38
Chr11	3600001	6600000	30.33
Chr11	3900001	6900000	31.29
Chr11	4200001	7200000	32.3
Chr11	4500001	7500000	33.34
Chr11	4800001	7800000	33.11
Chr11	5100001	8100000	33.94
Chr11	5400001	8400000	34.56
Chr11	5700001	8700000	33.57
Chr11	6000001	9000000	33.57
Chr11	6300001	9300000	34.52
Chr11	6600001	9600000	35.95
Chr11	6900001	9900000	37.08
Chr11	7200001	10200000	37.98
Chr11	7500001	10500000	38.06
Chr11	7800001	10800000	38.13
Chr11	8100001	11100000	40.45
Chr11	8400001	11400000	40.89
Chr11	8700001	11700000	40.81
Chr11	9000001	12000000	41.57
Chr11	9300001	12300000	42.62
Chr11	9600001	12600000	41.9
Chr11	9900001	12900000	41.7
Chr11	10200001	13200000	41.36
Chr11	10500001	13500000	41.75
Chr11	10800001	13800000	41.54
Chr11	11100001	14100000	39.08
Chr11	11400001	14400000	39.48
Chr11	11700001	14700000	40.53
Chr11	12000001	15000000	40.46
Chr11	12300001	15300000	39.85
Chr11	12600001	15600000	40.46
Chr11	12900001	15900000	40.66
Chr11	13200001	16200000	40.17
Chr11	13500001	16500000	40.56
Chr11	13800001	16800000	42.05
Chr11	14100001	17100000	43.48
Chr11	14400001	17400000	44.77
Chr11	14700001	17700000	46.03
Chr11	15000001	18000000	48.29
Chr11	15300001	18300000	50.3
Chr11	15600001	18600000	51.42
Chr11	15900001	18900000	53.29
Chr11	16200001	19200000	55.68
Chr11	16500001	19500000	57.37
Chr11	16800001	19800000	57.6
Chr11	17100001	20100000	57.58
Chr11	17400001	20400000	56.79
Chr11	17700001	20700000	55.66
Chr11	18000001	21000000	56.95
Chr11	18300001	21300000	60.86
Chr11	18600001	21600000	65.87
Chr11	18900001	21900000	69.56
Chr11	19200001	22200000	73.5
Chr11	19500001	22500000	76.47
Chr11	19800001	22800000	77.67
Chr11	20100001	23100000	77.91
Chr11	20400001	23400000	79.46
Chr11	20700001	23700000	81.65
Chr11	21000001	24000000	80.37
Chr11	21300001	24300000	74.64
Chr11	21600001	24600000	69.6
Chr11	21900001	24900000	64.34
Chr11	22200001	25200000	59.69
Chr11	22500001	25500000	55.46
Chr11	22800001	25800000	54.11
Chr11	23100001	26100000	53.98
Chr11	23400001	26400000	53.32
Chr11	23700001	26700000	51.37
Chr11	24000001	27000000	50.06
Chr11	24300001	27300000	51.4
Chr11	24600001	27600000	51.17
Chr11	24900001	27900000	51.89
Chr11	25200001	28200000	51.04
Chr11	25500001	28500000	51.27
Chr11	25800001	28800000	50.97
Chr11	26100001	29100000	50.4
Chr11	26400001	29400000	48.67
Chr11	26700001	29700000	49.14
Chr11	27000001	30000000	47.66
Chr11	27300001	30300000	46.02
Chr11	27600001	30600000	45.33
Chr11	27900001	30900000	45.57
Chr11	28200001	31200000	45.62
Chr11	28500001	31500000	45.12
Chr11	28800001	31800000	44.49
Chr11	29100001	32100000	44.29
Chr11	29400001	32400000	43.06
Chr11	29700001	32700000	43.01
Chr11	30000001	33000000	43.04
Chr11	30300001	33300000	44.28
Chr11	30600001	33600000	45.84
Chr11	30900001	33900000	43.11
Chr11	31200001	34200000	41.06
Chr11	31500001	34500000	39.91
Chr11	31800001	34800000	39.48
Chr11	32100001	35100000	38.65
Chr11	32400001	35400000	39.82
Chr11	32700001	35700000	39.48
Chr11	33000001	36000000	38.19
Chr11	33300001	36300000	36.08
Chr11	33600001	36600000	33.82
Chr11	33900001	36900000	35.18
Chr11	34200001	37200000	36.27
Chr11	34500001	37500000	35
Chr11	34800001	37800000	33.8
Chr11	35100001	38100000	33.56
Chr11	35400001	38400000	32.34
Chr11	35700001	38700000	31.84
Chr11	36000001	39000000	32.18
Chr11	36300001	39300000	31.89
Chr11	36600001	39600000	32.21
Chr11	36900001	39651545	31
Chr12	1	3000000	35.28
Chr12	300001	3300000	34.58
Chr12	600001	3600000	35.2
Chr12	900001	3900000	35.59
Chr12	1200001	4200000	36.28
Chr12	1500001	4500000	36.96
Chr12	1800001	4800000	37.58
Chr12	2100001	5100000	39.78
Chr12	2400001	5400000	39.67
Chr12	2700001	5700000	39.98
Chr12	3000001	6000000	37.71
Chr12	3300001	6300000	37.37
Chr12	3600001	6600000	38.05
Chr12	3900001	6900000	38.76
Chr12	4200001	7200000	40.74
Chr12	4500001	7500000	40.77
Chr12	4800001	7800000	42.39
Chr12	5100001	8100000	42.56
Chr12	5400001	8400000	43.43
Chr12	5700001	8700000	44.24
Chr12	6000001	9000000	44.58
Chr12	6300001	9300000	48.27
Chr12	6600001	9600000	50.4
Chr12	6900001	9900000	52.74
Chr12	7200001	10200000	52.02
Chr12	7500001	10500000	52.86
Chr12	7800001	10800000	53.54
Chr12	8100001	11100000	55
Chr12	8400001	11400000	55.56
Chr12	8700001	11700000	57.19
Chr12	9000001	12000000	60.16
Chr12	9300001	12300000	60.02
Chr12	9600001	12600000	61.77
Chr12	9900001	12900000	63.3
Chr12	10200001	13200000	68.13
Chr12	10500001	13500000	73.31
Chr12	10800001	13800000	77.74
Chr12	11100001	14100000	81.44
Chr12	11400001	14400000	85.92
Chr12	11700001	14700000	89.99
Chr12	12000001	15000000	92.9
Chr12	12300001	15300000	95.6
Chr12	12600001	15600000	93.18
Chr12	12900001	15900000	90.24
Chr12	13200001	16200000	86.31
Chr12	13500001	16500000	82.01
Chr12	13800001	16800000	76.93
Chr12	14100001	17100000	71.37
Chr12	14400001	17400000	66.61
Chr12	14700001	17700000	60.69
Chr12	15000001	18000000	55.92
Chr12	15300001	18300000	50.28
Chr12	15600001	18600000	49.46
Chr12	15900001	18900000	49.35
Chr12	16200001	19200000	48.28
Chr12	16500001	19500000	47.18
Chr12	16800001	19800000	45.76
Chr12	17100001	20100000	45.47
Chr12	17400001	20400000	44.5
Chr12	17700001	20700000	45.55
Chr12	18000001	21000000	44.71
Chr12	18300001	21300000	43.84
Chr12	18600001	21600000	42.01
Chr12	18900001	21900000	43.22
Chr12	19200001	22200000	44.13
Chr12	19500001	22500000	43.66
Chr12	19800001	22800000	43.98
Chr12	20100001	23100000	44.31
Chr12	20400001	23400000	43.39
Chr12	20700001	23700000	42.53
Chr12	21000001	24000000	41.68
Chr12	21300001	24300000	40.32
Chr12	21600001	24600000	39.07
Chr12	21900001	24900000	36.07
Chr12	22200001	25200000	33.66
Chr12	22500001	25500000	33.39
Chr12	22800001	25800000	33.41
Chr12	23100001	26100000	32.44
Chr12	23400001	26400000	32.87
Chr12	23700001	26700000	31.52
Chr12	24000001	27000000	30.55
Chr12	24300001	27300000	30.8
Chr12	24600001	27600000	30.79
Chr12	24900001	27900000	29.65
Chr12	25200001	28200000	29.46
Chr12	25500001	28500000	27.89
Chr12	25800001	28800000	26.6
Chr12	26100001	29100000	26.63
Chr12	26400001	29400000	25.5
Chr12	26700001	29700000	26.45
Chr12	27000001	30000000	26.29
Chr12	27300001	30300000	26.38
Chr12	27600001	30600000	26.71
Chr12	27900001	30900000	27.57
Chr12	28200001	31200000	26.99
Chr12	28500001	31500000	27.27
Chr12	28800001	31800000	27.16
Chr12	29100001	31915921	26.5
Chr13	1	3000000	22.58
Chr13	300001	3300000	22.53
Chr13	600001	3600000	24.31
Chr13	900001	3900000	25.51
Chr13	1200001	4200000	27.06
Chr13	1500001	4500000	27.32
Chr13	1800001	4800000	27.54
Chr13	2100001	5100000	26.92
Chr13	2400001	5400000	27.02
Chr13	2700001	5700000	26.26
Chr13	3000001	6000000	25.1
Chr13	3300001	6300000	26.1
Chr13	3600001	6600000	25.52
Chr13	3900001	6900000	25.83
Chr13	4200001	7200000	25.54
Chr13	4500001	7500000	27.37
Chr13	4800001	7800000	28.29
Chr13	5100001	8100000	29.64
Chr13	5400001	8400000	30.2
Chr13	5700001	8700000	30.02
Chr13	6000001	9000000	33.02
Chr13	6300001	9300000	33.63
Chr13	6600001	9600000	34.37
Chr13	6900001	9900000	33
Chr13	7200001	10200000	33.03
Chr13	7500001	10500000	32.28
Chr13	7800001	10800000	32.21
Chr13	8100001	11100000	31.82
Chr13	8400001	11400000	31.45
Chr13	8700001	11700000	32.99
Chr13	9000001	12000000	31.7
Chr13	9300001	12300000	32.93
Chr13	9600001	12600000	33
Chr13	9900001	12900000	34.09
Chr13	10200001	13200000	33.79
Chr13	10500001	13500000	34.98
Chr13	10800001	13800000	34.32
Chr13	11100001	14100000	35.34
Chr13	11400001	14400000	36.84
Chr13	11700001	14700000	36.34
Chr13	12000001	15000000	36.26
Chr13	12300001	15300000	36.67
Chr13	12600001	15600000	37.72
Chr13	12900001	15900000	38.14
Chr13	13200001	16200000	40.06
Chr13	13500001	16500000	40.57
Chr13	13800001	16800000	42.78
Chr13	14100001	17100000	43.79
Chr13	14400001	17400000	44.76
Chr13	14700001	17700000	46.48
Chr13	15000001	18000000	48.51
Chr13	15300001	18300000	47.77
Chr13	15600001	18600000	47.66
Chr13	15900001	18900000	48.69
Chr13	16200001	19200000	49.58
Chr13	16500001	19500000	48.42
Chr13	16800001	19800000	48.4
Chr13	17100001	20100000	48.69
Chr13	17400001	20400000	48.64
Chr13	17700001	20700000	48.61
Chr13	18000001	21000000	49.84
Chr13	18300001	21300000	51.37
Chr13	18600001	21600000	51.93
Chr13	18900001	21900000	51.64
Chr13	19200001	22200000	50.61
Chr13	19500001	22500000	52.16
Chr13	19800001	22800000	52.76
Chr13	20100001	23100000	52.52
Chr13	20400001	23400000	52.82
Chr13	20700001	23700000	53.39
Chr13	21000001	24000000	53.84
Chr13	21300001	24300000	54.21
Chr13	21600001	24600000	57.75
Chr13	21900001	24900000	60.68
Chr13	22200001	25200000	61.94
Chr13	22500001	25500000	64.69
Chr13	22800001	25800000	65.94
Chr13	23100001	26100000	69.34
Chr13	23400001	26400000	72.41
Chr13	23700001	26700000	73.29
Chr13	24000001	27000000	72.54
Chr13	24300001	27300000	74.51
Chr13	24600001	27600000	73.52
Chr13	24900001	27900000	74.25
Chr13	25200001	28200000	76.76
Chr13	25500001	28500000	79.04
Chr13	25800001	28800000	82.14
Chr13	26100001	29100000	83.49
Chr13	26400001	29400000	85.06
Chr13	26700001	29700000	88.25
Chr13	27000001	30000000	91.86
Chr13	27300001	30300000	93.69
Chr13	27600001	30600000	95.09
Chr13	27900001	30900000	95.56
Chr13	28200001	31200000	96.01
Chr13	28500001	31500000	96.01
Chr13	28800001	31800000	95.99
Chr13	29100001	32100000	96.19
Chr13	29400001	32400000	94.37
Chr13	29700001	32700000	92.61
Chr13	30000001	33000000	90.23
Chr13	30300001	33300000	89.02
Chr13	30600001	33600000	88.65
Chr13	30900001	33900000	87.82
Chr13	31200001	34200000	88.02
Chr13	31500001	34500000	87.63
Chr13	31800001	34800000	86.73
Chr13	32100001	35100000	86.18
Chr13	32400001	35400000	87.4
Chr13	32700001	35700000	88.81
Chr13	33000001	36000000	90.5
Chr13	33300001	36300000	89.87
Chr13	33600001	36600000	90.7
Chr13	33900001	36900000	90.53
Chr13	34200001	37200000	89.45
Chr13	34500001	37500000	88.4
Chr13	34800001	37800000	86.85
Chr13	35100001	38100000	85.64
Chr13	35400001	38400000	85.59
Chr13	35700001	38700000	85.05
Chr13	36000001	39000000	85.3
Chr13	36300001	39300000	86
Chr13	36600001	39600000	84.32
Chr13	36900001	39900000	85.78
Chr13	37200001	40200000	85.75
Chr13	37500001	40500000	85.17
Chr13	37800001	40800000	86.06
Chr13	38100001	41100000	85.2
Chr13	38400001	41400000	83.72
Chr13	38700001	41700000	81.9
Chr13	39000001	42000000	80.24
Chr13	39300001	42300000	78.94
Chr13	39600001	42600000	80.15
Chr13	39900001	42900000	77.87
Chr13	40200001	43197690	77.41
Chr14	1	3000000	38.62
Chr14	300001	3300000	38.23
Chr14	600001	3600000	37.16
Chr14	900001	3900000	36.46
Chr14	1200001	4200000	35.39
Chr14	1500001	4500000	34.96
Chr14	1800001	4800000	35.74
Chr14	2100001	5100000	36.57
Chr14	2400001	5400000	35.75
Chr14	2700001	5700000	35.18
Chr14	3000001	6000000	38.49
Chr14	3300001	6300000	37.58
Chr14	3600001	6600000	38.92
Chr14	3900001	6900000	41.31
Chr14	4200001	7200000	43.06
Chr14	4500001	7500000	43.98
Chr14	4800001	7800000	45.89
Chr14	5100001	8100000	45.95
Chr14	5400001	8400000	46.09
Chr14	5700001	8700000	46.75
Chr14	6000001	9000000	45.13
Chr14	6300001	9300000	46.45
Chr14	6600001	9600000	46.88
Chr14	6900001	9900000	46.97
Chr14	7200001	10200000	47.29
Chr14	7500001	10500000	49
Chr14	7800001	10800000	47.23
Chr14	8100001	11100000	48.92
Chr14	8400001	11400000	50.79
Chr14	8700001	11700000	52
Chr14	9000001	12000000	53.88
Chr14	9300001	12300000	57.57
Chr14	9600001	12600000	62.24
Chr14	9900001	12900000	63.08
Chr14	10200001	13200000	66.16
Chr14	10500001	13500000	70.3
Chr14	10800001	13800000	76.26
Chr14	11100001	14100000	80.19
Chr14	11400001	14400000	83.94
Chr14	11700001	14700000	88.24
Chr14	12000001	15000000	91.31
Chr14	12300001	15300000	92.88
Chr14	12600001	15600000	91.68
Chr14	12900001	15900000	92.65
Chr14	13200001	16200000	90.57
Chr14	13500001	16500000	87.14
Chr14	13800001	16800000	81.91
Chr14	14100001	17100000	77.67
Chr14	14400001	17400000	72.6
Chr14	14700001	17700000	68.01
Chr14	15000001	18000000	62.28
Chr14	15300001	18300000	56.77
Chr14	15600001	18600000	53.91
Chr14	15900001	18900000	53.68
Chr14	16200001	19200000	53.53
Chr14	16500001	19500000	52.29
Chr14	16800001	19800000	52.57
Chr14	17100001	20100000	51.66
Chr14	17400001	20400000	51.93
Chr14	17700001	20700000	51.89
Chr14	18000001	21000000	51.68
Chr14	18300001	21300000	51.77
Chr14	18600001	21600000	50.88
Chr14	18900001	21900000	50.11
Chr14	19200001	22200000	50.04
Chr14	19500001	22500000	48.96
Chr14	19800001	22800000	49.44
Chr14	20100001	23100000	49.66
Chr14	20400001	23400000	48.21
Chr14	20700001	23700000	46.64
Chr14	21000001	24000000	46
Chr14	21300001	24300000	44.86
Chr14	21600001	24600000	44.25
Chr14	21900001	24900000	43.32
Chr14	22200001	25200000	41.39
Chr14	22500001	25500000	40.25
Chr14	22800001	25800000	38.17
Chr14	23100001	26100000	38.45
Chr14	23400001	26400000	38.94
Chr14	23700001	26700000	39.17
Chr14	24000001	27000000	38.77
Chr14	24300001	27300000	38.84
Chr14	24600001	27600000	37.64
Chr14	24900001	27900000	34.28
Chr14	25200001	28200000	33.01
Chr14	25500001	28500000	33.06
Chr14	25800001	28800000	32.86
Chr14	26100001	29100000	31.51
Chr14	26400001	29400000	29.2
Chr14	26700001	29700000	27.5
Chr14	27000001	30000000	26.27
Chr14	27300001	30300000	26.33
Chr14	27600001	30600000	26.04
Chr14	27900001	30900000	26.75
Chr14	28200001	31200000	26.51
Chr14	28500001	31500000	27.52
Chr14	28800001	31800000	27.85
Chr14	29100001	32100000	25.74
Chr14	29400001	32136955	26.7
Chr15	1	3000000	20.32
Chr15	300001	3300000	19.53
Chr15	600001	3600000	20.03
Chr15	900001	3900000	22.37
Chr15	1200001	4200000	21.72
Chr15	1500001	4500000	20.72
Chr15	1800001	4800000	20.64
Chr15	2100001	5100000	21.68
Chr15	2400001	5400000	21.8
Chr15	2700001	5700000	22.84
Chr15	3000001	6000000	23.36
Chr15	3300001	6300000	24.06
Chr15	3600001	6600000	23.97
Chr15	3900001	6900000	23.27
Chr15	4200001	7200000	23.24
Chr15	4500001	7500000	24.25
Chr15	4800001	7800000	24.76
Chr15	5100001	8100000	24.57
Chr15	5400001	8400000	24.8
Chr15	5700001	8700000	23.25
Chr15	6000001	9000000	23.04
Chr15	6300001	9300000	22.28
Chr15	6600001	9600000	22.33
Chr15	6900001	9900000	22.19
Chr15	7200001	10200000	23.02
Chr15	7500001	10500000	22.49
Chr15	7800001	10800000	23.65
Chr15	8100001	11100000	24.94
Chr15	8400001	11400000	25.53
Chr15	8700001	11700000	27.95
Chr15	9000001	12000000	30.29
Chr15	9300001	12300000	30.55
Chr15	9600001	12600000	31.12
Chr15	9900001	12900000	30.51
Chr15	10200001	13200000	31.46
Chr15	10500001	13500000	31.14
Chr15	10800001	13800000	31.16
Chr15	11100001	14100000	30.44
Chr15	11400001	14400000	30.71
Chr15	11700001	14700000	29.6
Chr15	12000001	15000000	28.46
Chr15	12300001	15300000	29.88
Chr15	12600001	15600000	31.3
Chr15	12900001	15900000	32.43
Chr15	13200001	16200000	32.11
Chr15	13500001	16500000	33.25
Chr15	13800001	16800000	33.63
Chr15	14100001	17100000	34.97
Chr15	14400001	17400000	34.79
Chr15	14700001	17700000	36.05
Chr15	15000001	18000000	37.4
Chr15	15300001	18300000	38.74
Chr15	15600001	18600000	37.89
Chr15	15900001	18900000	38.87
Chr15	16200001	19200000	41.05
Chr15	16500001	19500000	41.34
Chr15	16800001	19800000	42.71
Chr15	17100001	20100000	42.18
Chr15	17400001	20400000	44.5
Chr15	17700001	20700000	44.86
Chr15	18000001	21000000	45.44
Chr15	18300001	21300000	44.84
Chr15	18600001	21600000	44.82
Chr15	18900001	21900000	45.28
Chr15	19200001	22200000	43.67
Chr15	19500001	22500000	45.38
Chr15	19800001	22800000	44.67
Chr15	20100001	23100000	44.67
Chr15	20400001	23400000	44.81
Chr15	20700001	23700000	45.46
Chr15	21000001	24000000	46.1
Chr15	21300001	24300000	46.69
Chr15	21600001	24600000	48.76
Chr15	21900001	24900000	49.09
Chr15	22200001	25200000	50.24
Chr15	22500001	25500000	50.68
Chr15	22800001	25800000	51.09
Chr15	23100001	26100000	53.48
Chr15	23400001	26400000	53.54
Chr15	23700001	26700000	54.06
Chr15	24000001	27000000	54.52
Chr15	24300001	27300000	55.33
Chr15	24600001	27600000	55.01
Chr15	24900001	27900000	54.39
Chr15	25200001	28200000	55.22
Chr15	25500001	28500000	57.49
Chr15	25800001	28800000	57.57
Chr15	26100001	29100000	58.72
Chr15	26400001	29400000	59.26
Chr15	26700001	29700000	59.74
Chr15	27000001	30000000	61.71
Chr15	27300001	30300000	60.05
Chr15	27600001	30600000	60.56
Chr15	27900001	30900000	61.12
Chr15	28200001	31200000	59.95
Chr15	28500001	31500000	57.6
Chr15	28800001	31800000	57.63
Chr15	29100001	32100000	56.47
Chr15	29400001	32400000	56.34
Chr15	29700001	32700000	59.11
Chr15	30000001	33000000	61.09
Chr15	30300001	33300000	66.82
Chr15	30600001	33600000	70.74
Chr15	30900001	33900000	75.52
Chr15	31200001	34200000	80.95
Chr15	31500001	34500000	83.06
Chr15	31800001	34800000	84.22
Chr15	32100001	35100000	84.33
Chr15	32400001	35400000	84.25
Chr15	32700001	35700000	83.57
Chr15	33000001	36000000	80.49
Chr15	33300001	36300000	75.54
Chr15	33600001	36600000	70.72
Chr15	33900001	36900000	66.96
Chr15	34200001	37200000	61.64
Chr15	34500001	37500000	58.58
Chr15	34800001	37800000	57.28
Chr15	35100001	38100000	56.43
Chr15	35400001	38400000	55.94
Chr15	35700001	38700000	52.05
Chr15	36000001	39000000	50.05
Chr15	36300001	39300000	49.55
Chr15	36600001	39600000	49.17
Chr15	36900001	39900000	49.23
Chr15	37200001	40200000	49
Chr15	37500001	40500000	48.07
Chr15	37800001	40800000	48.2
Chr15	38100001	41100000	48.68
Chr15	38400001	41400000	46.72
Chr15	38700001	41700000	46.71
Chr15	39000001	42000000	46.85
Chr15	39300001	42300000	46.09
Chr15	39600001	42600000	44.73
Chr15	39900001	42900000	42.94
Chr15	40200001	43200000	44.15
Chr15	40500001	43500000	45.21
Chr15	40800001	43800000	42.91
Chr15	41100001	44100000	41.62
Chr15	41400001	44400000	42.42
Chr15	41700001	44700000	40.38
Chr15	42000001	45000000	39.43
Chr15	42300001	45300000	40.03
Chr15	42600001	45600000	41.25
Chr15	42900001	45900000	40.43
Chr15	43200001	46200000	40.82
Chr15	43500001	46500000	39.28
Chr15	43800001	46800000	39.81
Chr15	44100001	47100000	38.67
Chr15	44400001	47400000	37.67
Chr15	44700001	47700000	41.6
Chr15	45000001	48000000	40.88
Chr15	45300001	48300000	39.74
Chr15	45600001	48600000	38.63
Chr15	45900001	48900000	38.51
Chr15	46200001	49200000	37.83
Chr15	46500001	49422898	40.04
Chr16	1	3000000	22.44
Chr16	300001	3300000	23.24
Chr16	600001	3600000	24.73
Chr16	900001	3900000	25.43
Chr16	1200001	4200000	24.43
Chr16	1500001	4500000	24.16
Chr16	1800001	4800000	22.66
Chr16	2100001	5100000	22.57
Chr16	2400001	5400000	24.09
Chr16	2700001	5700000	24.17
Chr16	3000001	6000000	24.5
Chr16	3300001	6300000	24.46
Chr16	3600001	6600000	24.12
Chr16	3900001	6900000	24.26
Chr16	4200001	7200000	25.98
Chr16	4500001	7500000	29.13
Chr16	4800001	7800000	28.56
Chr16	5100001	8100000	30.72
Chr16	5400001	8400000	29.66
Chr16	5700001	8700000	30.79
Chr16	6000001	9000000	31.47
Chr16	6300001	9300000	31.12
Chr16	6600001	9600000	31.43
Chr16	6900001	9900000	31.01
Chr16	7200001	10200000	30.37
Chr16	7500001	10500000	28.59
Chr16	7800001	10800000	30.06
Chr16	8100001	11100000	29.83
Chr16	8400001	11400000	31.78
Chr16	8700001	11700000	31.91
Chr16	9000001	12000000	33.04
Chr16	9300001	12300000	35.33
Chr16	9600001	12600000	36.31
Chr16	9900001	12900000	37.71
Chr16	10200001	13200000	38.52
Chr16	10500001	13500000	39.78
Chr16	10800001	13800000	40.27
Chr16	11100001	14100000	40.3
Chr16	11400001	14400000	39.4
Chr16	11700001	14700000	40.29
Chr16	12000001	15000000	40.56
Chr16	12300001	15300000	39.93
Chr16	12600001	15600000	41.39
Chr16	12900001	15900000	41.89
Chr16	13200001	16200000	43.15
Chr16	13500001	16500000	44.06
Chr16	13800001	16800000	45.23
Chr16	14100001	17100000	45.8
Chr16	14400001	17400000	46.44
Chr16	14700001	17700000	48.01
Chr16	15000001	18000000	48.93
Chr16	15300001	18300000	51.33
Chr16	15600001	18600000	52.01
Chr16	15900001	18900000	54.21
Chr16	16200001	19200000	54.87
Chr16	16500001	19500000	55.29
Chr16	16800001	19800000	55.18
Chr16	17100001	20100000	55.38
Chr16	17400001	20400000	57.29
Chr16	17700001	20700000	56.75
Chr16	18000001	21000000	57.67
Chr16	18300001	21300000	57.74
Chr16	18600001	21600000	58.88
Chr16	18900001	21900000	57.66
Chr16	19200001	22200000	56.66
Chr16	19500001	22500000	57.38
Chr16	19800001	22800000	56.64
Chr16	20100001	23100000	57.55
Chr16	20400001	23400000	57.14
Chr16	20700001	23700000	57.53
Chr16	21000001	24000000	54.83
Chr16	21300001	24300000	55.23
Chr16	21600001	24600000	54.46
Chr16	21900001	24900000	55.41
Chr16	22200001	25200000	56.31
Chr16	22500001	25500000	56.53
Chr16	22800001	25800000	59.87
Chr16	23100001	26100000	61.63
Chr16	23400001	26400000	66.13
Chr16	23700001	26700000	70.67
Chr16	24000001	27000000	76.57
Chr16	24300001	27300000	79.17
Chr16	24600001	27600000	82.86
Chr16	24900001	27900000	84.79
Chr16	25200001	28200000	88.61
Chr16	25500001	28500000	92.19
Chr16	25800001	28800000	92.55
Chr16	26100001	29100000	92.24
Chr16	26400001	29400000	90.75
Chr16	26700001	29700000	87.79
Chr16	27000001	30000000	86.32
Chr16	27300001	30300000	83.93
Chr16	27600001	30600000	79.78
Chr16	27900001	30900000	76.8
Chr16	28200001	31200000	72.27
Chr16	28500001	31500000	67.57
Chr16	28800001	31800000	64.59
Chr16	29100001	32100000	64.57
Chr16	29400001	32400000	62.6
Chr16	29700001	32700000	61.59
Chr16	30000001	33000000	59.6
Chr16	30300001	33300000	58.13
Chr16	30600001	33600000	58.95
Chr16	30900001	33900000	59.02
Chr16	31200001	34200000	59.66
Chr16	31500001	34500000	59.08
Chr16	31800001	34800000	59.78
Chr16	32100001	35100000	59.06
Chr16	32400001	35400000	58.57
Chr16	32700001	35700000	59.01
Chr16	33000001	36000000	61.21
Chr16	33300001	36300000	63.26
Chr16	33600001	36480970	63.36
Chr17	1	3000000	26.41
Chr17	300001	3300000	27.25
Chr17	600001	3600000	27.85
Chr17	900001	3900000	28.21
Chr17	1200001	4200000	28.59
Chr17	1500001	4500000	28.95
Chr17	1800001	4800000	30.02
Chr17	2100001	5100000	30.74
Chr17	2400001	5400000	31.23
Chr17	2700001	5700000	32.15
Chr17	3000001	6000000	31.7
Chr17	3300001	6300000	32.96
Chr17	3600001	6600000	33.75
Chr17	3900001	6900000	33.59
Chr17	4200001	7200000	34.16
Chr17	4500001	7500000	33.92
Chr17	4800001	7800000	33.59
Chr17	5100001	8100000	33.71
Chr17	5400001	8400000	35.01
Chr17	5700001	8700000	34.68
Chr17	6000001	9000000	34.87
Chr17	6300001	9300000	33.54
Chr17	6600001	9600000	32.85
Chr17	6900001	9900000	32.98
Chr17	7200001	10200000	33.41
Chr17	7500001	10500000	35.4
Chr17	7800001	10800000	37.12
Chr17	8100001	11100000	37.6
Chr17	8400001	11400000	36.47
Chr17	8700001	11700000	36.71
Chr17	9000001	12000000	36.93
Chr17	9300001	12300000	38.44
Chr17	9600001	12600000	38.55
Chr17	9900001	12900000	39.74
Chr17	10200001	13200000	40.44
Chr17	10500001	13500000	39.43
Chr17	10800001	13800000	40.67
Chr17	11100001	14100000	43.54
Chr17	11400001	14400000	45.41
Chr17	11700001	14700000	46.72
Chr17	12000001	15000000	48.55
Chr17	12300001	15300000	48.43
Chr17	12600001	15600000	49.59
Chr17	12900001	15900000	51.06
Chr17	13200001	16200000	52.16
Chr17	13500001	16500000	55.21
Chr17	13800001	16800000	54.99
Chr17	14100001	17100000	55.47
Chr17	14400001	17400000	56.13
Chr17	14700001	17700000	59.29
Chr17	15000001	18000000	61.51
Chr17	15300001	18300000	67.14
Chr17	15600001	18600000	72.65
Chr17	15900001	18900000	76.5
Chr17	16200001	19200000	80.9
Chr17	16500001	19500000	83.59
Chr17	16800001	19800000	87.66
Chr17	17100001	20100000	88.74
Chr17	17400001	20400000	88.46
Chr17	17700001	20700000	85.75
Chr17	18000001	21000000	83.01
Chr17	18300001	21300000	79.3
Chr17	18600001	21600000	78.04
Chr17	18900001	21900000	74.32
Chr17	19200001	22200000	69.92
Chr17	19500001	22500000	65.97
Chr17	19800001	22800000	61.5
Chr17	20100001	23100000	58.17
Chr17	20400001	23400000	57.27
Chr17	20700001	23700000	56.7
Chr17	21000001	24000000	55.73
Chr17	21300001	24300000	54.4
Chr17	21600001	24600000	53.47
Chr17	21900001	24900000	53.21
Chr17	22200001	25200000	51.46
Chr17	22500001	25500000	49.19
Chr17	22800001	25800000	48.23
Chr17	23100001	26100000	48.71
Chr17	23400001	26400000	48.07
Chr17	23700001	26700000	45.85
Chr17	24000001	27000000	46
Chr17	24300001	27300000	44.8
Chr17	24600001	27600000	41.63
Chr17	24900001	27900000	39.4
Chr17	25200001	28200000	40.15
Chr17	25500001	28500000	40.86
Chr17	25800001	28800000	39.65
Chr17	26100001	29100000	38.78
Chr17	26400001	29400000	39
Chr17	26700001	29700000	39.64
Chr17	27000001	30000000	39.08
Chr17	27300001	30300000	40.51
Chr17	27600001	30600000	42.71
Chr17	27900001	30900000	48.64
Chr17	28200001	31200000	52.86
Chr17	28500001	31500000	54.69
Chr17	28800001	31800000	55.54
Chr17	29100001	32100000	55.58
Chr17	29400001	32400000	56.04
Chr17	29700001	32700000	55.24
Chr17	30000001	33000000	57.26
Chr17	30300001	33300000	55.87
Chr17	30600001	33600000	53.02
Chr17	30900001	33900000	46.6
Chr17	31200001	34200000	42.21
Chr17	31500001	34479775	40.15
